0.0000000000, 0.0000000000
0.0000000000, 0.0000000000
0.0000000000, 0.0000000000
0.0000000000, 0.0000000000
0.0000001112, 0.0000000637
-0.0000002021, -0.0000000840
0.0000013442, 0.0000008894
-0.0000050955, -0.0000031237
-0.0000355737, -0.0000212411
-0.0000728250, -0.0000555549
-0.0004562653, -0.0003605848
-0.0007247632, -0.0004787868
-0.0010778890, -0.0005018833
-0.0015084269, -0.0016900254
-0.0021064794, -0.0019895258
-0.0023276327, -0.0017707428
-0.0024036935, -0.0025433536
-0.0042311107, -0.0025062288
-0.0017019858, -0.0025167887
-0.0038120382, -0.0027327662
-0.0028644260, -0.0033035165
-0.0051450897, -0.0032912421
-0.0038517071, -0.0031953194
-0.0032235177, -0.0033925739
-0.0048445655, -0.0033964360
-0.0071785715, -0.0028476926
-0.0010473677, -0.0030925024
0.0041620749, -0.0038100361
0.0974196047, -0.0034328563
0.8683042098, -0.0023984768
0.7436655016, -0.0038406217
-0.0981332015, -0.0041186329
-0.0436334194, -0.0024978129
-0.7433001842, -0.0044229835
-0.6262990650, -0.0031034729
-0.3463942705, -0.0038692810
-0.6425321309, -0.0029883842
0.2971306456, -0.0019784991
0.7128914562, -0.0029182292
0.1500902729, -0.0047702092
-0.0889207561, -0.0018194379
-0.0622103453, -0.0018809259
-0.1738400696, 0.0900027298
-0.2169207802, 0.2610762972
-0.1765248870, 0.1304611315
-0.1461334186, 0.0416127215
0.0933421849, 0.2003669613
0.0560960125, -0.0310471314
-0.0281949063, -0.1931856014
0.1758159548, -0.1103806338
0.1457573892, -0.2427192490
0.0688622525, -0.1528106381
-0.0412775909, 0.1179821957
-0.2487716019, 0.0643202536
-0.1780103664, -0.0916192991
-0.0744132445, 0.0319899293
-0.0580748301, 0.0806853467
-0.0565822047, -0.0779544420
-0.0344968942, -0.1205736666
-0.0024112834, -0.0070001055
0.1001719991, 0.0455875470
0.1427311543, -0.0101208408
-0.0056709828, -0.0016203978
-0.0619665991, 0.0008866388
-0.0862861067, -0.0558285904
-0.0638755711, -0.0116442600
0.0133470108, 0.0041799883
-0.0204284571, -0.1028044456
0.0135976563, -0.0633303519
0.0644385326, 0.0460240364
0.0512270058, -0.0102280541
0.0360007578, -0.0704726166
0.0041460591, -0.0440352498
-0.0139996383, -0.0107713360
-0.0079435363, -0.0218588399
-0.0088452756, -0.0389357573
-0.0103520545, -0.0300204795
0.0082193139, -0.0210612582
0.0117266881, -0.0159077530
0.0048551172, 0.0009325372
0.0258031462, -0.0264819219
0.0162171193, -0.0526960609
-0.0006017125, -0.0033178469
-0.0062733069, 0.0079989981
-0.0134108317, -0.0351741895
-0.0009280211, -0.0270307553
-0.0019783738, 0.0039176561
-0.0029576452, 0.0062844365
-0.0039240901, -0.0006291713
-0.0173019421, -0.0070418097
-0.0091599455, -0.0017855830
0.0160356717, 0.0099572019
0.0169847207, 0.0100713555
0.0014392297, 0.0028885163
0.0054540154, -0.0080911038
0.0062309274, -0.0083588076
-0.0015979728, 0.0036139257
-0.0037327801, -0.0016105036
0.0039087230, -0.0119033263
0.0131680567, -0.0018776818
0.0137121259, 0.0092424302
0.0088523576, 0.0045220938
0.0039672676, -0.0013729668
0.0041386209, 0.0049851648
-0.0050360203, 0.0079315274
-0.0085240113, 0.0030902581
0.0014743306, 0.0030555496
0.0018608434, 0.0034942699
-0.0001872080, 0.0011666573
0.0073490122, 0.0071356751
0.0040889998, 0.0060982520
0.0011260506, -0.0026951525
0.0030244687, -0.0040578128
0.0001860553, 0.0036909769
-0.0012944632, 0.0023212279
-0.0014321170, -0.0014259312
-0.0035161826, 0.0041144687
0.0016571099, 0.0076487227
-0.0020471884, 0.0033792757
-0.0112758840, -0.0001831602
-0.0040618636, 0.0038663759
-0.0023656114, 0.0013871336
-0.0025048492, -0.0004588892
-0.0029292211, 0.0053457325
-0.0037962669, 0.0013959589
-0.0042424488, -0.0037183052
-0.0047710049, 0.0019171996
-0.0059147875, 0.0007055029
-0.0111956226, -0.0002102843
-0.0003159741, 0.0032834952
0.0113040736, 0.0045656094
0.0020625776, 0.0054058239
-0.0004847777, 0.0037729452
-0.0001972631, 0.0039539353
-0.0097704946, 0.0021435929
-0.0108210613, -0.0026916929
-0.0149929316, -0.0054893276
-0.0168921772, -0.0036139810
-0.0009211254, -0.0072455471
0.0099566002, -0.0011381896
0.0042178368, 0.0000746957
0.0072698302, -0.0114277013
0.0097711551, -0.0036277865
0.0076921713, 0.0050522710
0.0054586764, -0.0005214936
-0.0025446245, -0.0017835722
-0.0094533515, -0.0046734557
-0.0066724310, -0.0038012960
-0.0024894345, 0.0073129450
-0.0006754494, 0.0036305848
0.0030744809, -0.0025991165
0.0069896605, 0.0008009379
0.0071223599, -0.0005845374
-0.0001838386, 0.0029247842
-0.0138947965, 0.0021136683
-0.0137376835, -0.0056412027
-0.0114747279, -0.0018495577
-0.0164250827, -0.0004843327
-0.0106232739, -0.0037825875
-0.0083485947, -0.0013599887
-0.0014054269, 0.0050964306
0.0054885874, 0.0071547359
0.0013215952, 0.0061123629
0.0002395785, 0.0019540909
-0.0014036415, -0.0017530302
0.0005821324, 0.0001569442
0.0004847033, 0.0025564259
-0.0047404418, 0.0006832781
-0.0080364926, -0.0028612216
-0.0067456931, -0.0028694881
-0.0028941889, 0.0011017054
-0.0050615109, -0.0004875153
-0.0063631231, -0.0025487974
-0.0036151325, -0.0008867885
-0.0026734751, -0.0029505459
-0.0028266273, -0.0042909772
-0.0039763410, -0.0027204736
-0.0039021002, -0.0021925658
-0.0031271562, -0.0021088081
-0.0032677259, -0.0005198029
-0.0016150007, 0.0000972371
-0.0004938655, 0.0006409343
0.0005214711, 0.0010581351
0.0005649037, 0.0000913826
-0.0023640714, 0.0000012984
-0.0036763508, 0.0009528259
-0.0019133953, 0.0006136430
-0.0010128568, 0.0005324541
-0.0002452093, 0.0007202357
0.0008839165, 0.0002159230
0.0003343431, 0.0002313576
0.0000963518, -0.0002707657
0.0005117800, -0.0011936273
-0.0005593123, -0.0005646802
-0.0006426811, 0.0000613914
-0.0000802592, -0.0004498787
-0.0003926144, -0.0002799520
-0.0004025799, 0.0002688448
-0.0001919139, 0.0001484715
-0.0002753173, 0.0000512906
