-0.0000001977, 0.0000003056
0.0000014237, -0.0000003739
-0.0000072584, -0.0000106503
-0.0000505225, -0.0000120524
-0.0000526442, -0.0001605965
-0.0005651806, -0.0002067950
-0.0003641217, -0.0008135313
-0.0011065378, -0.0006959318
-0.0016744905, -0.0017404989
-0.0015397347, -0.0020915665
-0.0024937267, -0.0020603724
-0.0026876156, -0.0021669909
-0.0020043276, -0.0023751287
-0.0046975739, -0.0033360366
-0.0010737081, -0.0031596024
-0.0065060290, -0.0025719811
0.0021044352, -0.0032206779
-0.0111989504, -0.0031484826
0.0039897282, -0.0041832780
-0.0218221907, -0.0031473387
0.0299735988, -0.0035371954
-0.0396601513, -0.0037061324
0.4980700563, -0.0029679641
1.3731369982, -0.0029755666
0.1907550149, -0.0056437437
-0.6758922733, -0.0043489920
-0.4893972174, -0.0030873333
-0.6050276635, -0.0039963975
-0.5294692883, -0.0041639647
-0.1177477697, -0.0032005004
0.7642996764, -0.0027860927
0.4096219551, -0.0042248436
-0.4554776390, -0.0046174520
-0.3142378401, -0.0037324760
-0.2166930485, -0.0031434898
-0.0717085876, -0.0036016931
0.1224291651, -0.0041183491
-0.0623429373, -0.0044373602
-0.1259086204, -0.0026611579
0.0759720713, -0.0031915831
0.1065719412, -0.0057546202
0.1532595676, -0.0058512170
-0.0731320697, -0.0017665466
-0.2458141520, -0.0032130755
0.0427082254, -0.0044306745
-0.0948274056, -0.0050732493
-0.2667367071, -0.0059907721
-0.0158210934, -0.0032181205
0.0376061629, 0.0223271632
0.0101629568, 0.1158438879
0.0372727413, 0.1624048360
0.0083119800, 0.1026517405
0.0235189313, 0.1139261432
0.0320618597, 0.0766412392
-0.0262703692, -0.0385933282
-0.0387169786, -0.0515967480
-0.0229530044, -0.0816376511
-0.0403727648, -0.0925184346
0.0090634820, -0.0017836737
0.0313454319, 0.0301044002
-0.0187115788, -0.0283027537
0.0380820499, -0.0326218289
0.0740588724, -0.0217768865
-0.0163711944, -0.0614988910
-0.0215571852, -0.1013819787
0.0152217074, -0.0864792353
-0.0115430631, -0.0424720757
-0.0044135079, -0.0439111536
-0.0086404311, -0.0412851555
-0.0006132421, -0.0189765021
0.0316536739, -0.0383922298
0.0089902947, -0.0457267798
-0.0000267187, -0.0283899777
0.0112494244, -0.0423769863
0.0011775098, -0.0470240522
0.0085703225, -0.0193446708
0.0188412745, -0.0113758300
-0.0018159797, -0.0239833086
-0.0047328219, -0.0242644009
-0.0029224388, -0.0100906742
-0.0100710116, -0.0034895347
0.0031676230, -0.0119364668
0.0086547505, -0.0122242622
0.0136357465, -0.0097590509
0.0302321852, -0.0126574524
0.0171679225, -0.0078007973
0.0018566014, -0.0141610809
0.0177532586, -0.0249402815
0.0049590777, -0.0164691894
-0.0161677476, -0.0057302053
-0.0058220491, -0.0092134799
0.0027279385, -0.0100653122
0.0054314028, -0.0059885856
0.0010209306, -0.0025794454
0.0012195858, -0.0026061259
0.0027611532, -0.0053772701
-0.0107191077, -0.0028579896
-0.0207779233, -0.0031746804
-0.0151940836, -0.0029384797
-0.0006209737, -0.0015537604
0.0095840111, -0.0007155143
0.0142154162, 0.0043398671
0.0125087893, 0.0062109625
0.0017080888, 0.0031588065
-0.0026716852, 0.0004052325
0.0040598149, -0.0012864149
0.0089810314, 0.0016817326
0.0021809976, 0.0054154291
-0.0058437573, -0.0038706958
-0.0050276564, -0.0082741143
-0.0048295062, 0.0031406094
-0.0017673783, 0.0037869684
0.0046851887, 0.0008318561
0.0059610917, 0.0077043552
-0.0051793351, 0.0092858793
-0.0126317881, 0.0118009447
-0.0069904998, 0.0117844128
-0.0072815453, 0.0072738139
0.0066344894, 0.0049812800
0.0107135048, 0.0018485356
-0.0089971871, -0.0021469239
-0.0116218638, -0.0061635603
-0.0070080485, -0.0036508461
-0.0037175887, -0.0027366034
-0.0022974533, -0.0058513120
-0.0057144526, -0.0055539118
-0.0052197767, -0.0029978735
-0.0059596602, -0.0033544111
-0.0068503406, -0.0031125514
-0.0100440233, -0.0011822579
-0.0103850407, -0.0028635779
-0.0041774905, -0.0034459064
-0.0017096917, -0.0036533067
0.0017168913, -0.0029726790
0.0076531551, -0.0016482515
0.0075599318, -0.0012927662
0.0085959413, -0.0018021579
0.0071803609, -0.0008103392
-0.0019214168, 0.0039033245
-0.0054431927, 0.0024135142
-0.0043437261, 0.0023069975
-0.0035591232, 0.0019791057
-0.0057876714, 0.0011846897
-0.0051218021, 0.0043554527
0.0084868162, 0.0068898799
0.0109432679, 0.0071296600
-0.0059502360, 0.0036588271
-0.0171427033, 0.0029894880
-0.0138950376, 0.0013361371
-0.0092907772, -0.0017678734
-0.0072268453, -0.0010888796
-0.0027309629, -0.0009723175
-0.0020362156, -0.0019588282
-0.0043108344, -0.0036349891
-0.0008632071, -0.0024726919
-0.0005613538, -0.0005467613
-0.0037804291, 0.0016967940
-0.0064878953, 0.0051910371
-0.0091780721, 0.0021626222
-0.0038215948, 0.0016878635
-0.0031196126, 0.0007633237
-0.0029929451, -0.0028298699
0.0011101606, -0.0022295678
-0.0020284029, -0.0017310017
-0.0048108863, -0.0010171118
-0.0052134080, 0.0010085470
-0.0044372910, 0.0019369850
-0.0029037743, 0.0013598004
-0.0021458583, 0.0031476942
-0.0037046272, 0.0030592420
-0.0045053119, 0.0011879593
-0.0036458553, 0.0013459345
-0.0043404310, 0.0015553686
-0.0017385329, 0.0013715816
-0.0002046952, 0.0014453054
-0.0017169317, 0.0013016157
-0.0022523439, 0.0007985905
-0.0035945781, 0.0008274962
-0.0055683582, 0.0003435520
-0.0042514258, -0.0003615606
0.0000068866, -0.0000882258
0.0008770671, 0.0001780567
0.0002491870, 0.0002199828
0.0006221084, 0.0002693896
-0.0005138605, 0.0001070678
-0.0012188320, -0.0000314957
-0.0003026172, -0.0000068094
0.0002642151, 0.0000671504
-0.0002118027, -0.0000157939
-0.0003287352, -0.0000678410
-0.0003057456, 0.0001034770
-0.0006050985, 0.0002366280
-0.0003503004, 0.0002267913
-0.0000289297, 0.0001876329
-0.0000972871, 0.0001637727
-0.0001755804, 0.0001103455
-0.0001188462, 0.0000582774
-0.0000441832, 0.0000273316
-0.0000101150, -0.0000015996
-0.0000030796, -0.0000042334
