0.0000000000, 0.0000000000
0.0000000000, 0.0000000000
0.0000000000, 0.0000000000
0.0000000000, 0.0000000000
0.0000000000, 0.0000000000
0.0000000000, 0.0000000000
0.0000000000, 0.0000000000
0.0000000000, 0.0000000000
0.0000000696, 0.0000000963
-0.0000000578, -0.0000002126
0.0000010820, 0.0000012874
-0.0000040514, -0.0000053662
-0.0000166837, -0.0000194863
-0.0001158374, -0.0001035134
-0.0003095090, -0.0001545773
-0.0004684111, -0.0006188229
-0.0008755061, -0.0008015131
-0.0017986375, -0.0009501969
-0.0022019874, -0.0021656753
-0.0021293674, -0.0015498385
-0.0034010887, -0.0022341220
-0.0031685361, -0.0027110917
-0.0016882419, -0.0024244735
-0.0048037387, -0.0028173437
-0.0026551690, -0.0021730379
-0.0048821805, -0.0038426709
-0.0027416174, -0.0029249654
-0.0040203458, -0.0027903808
-0.0051453727, -0.0037823765
-0.0063447836, -0.0038665345
0.0012551925, -0.0030632229
-0.0022831697, -0.0036219947
0.0817564764, -0.0037388989
0.7491705960, -0.0031694271
0.4098152572, -0.0048252414
-0.1711142136, -0.0021008167
0.3003855559, -0.0013939913
-0.6331535088, 0.0231649065
-0.5111747924, 0.3640164227
-0.0188194142, 0.3960975703
-0.6199137895, -0.0358348713
-0.1035924341, 0.2353746498
0.5233293550, 0.0803324847
0.3750092868, -0.4415926002
-0.2408948335, -0.2095455042
-0.0521013440, -0.3209433820
0.1378401728, -0.3520031861
-0.3279699206, 0.2179118352
-0.2477254989, 0.3540360061
0.0460153985, -0.1008603255
0.0542398652, -0.0704273978
0.0287848795, 0.1543686310
0.0019073961, -0.0866700035
0.0715407508, -0.2687992628
0.1053003628, -0.1391227448
-0.0582486887, 0.0245438307
-0.0407925175, 0.0597755568
-0.0079003327, 0.0570461028
-0.1258654277, 0.0313851556
-0.0347203789, -0.0290358760
0.0077582131, -0.0011539265
-0.0681733493, 0.0525649957
-0.1037822335, -0.1318390131
-0.0310279226, -0.1884514335
0.0043860781, 0.0160340802
-0.0315192341, 0.0617461300
-0.0136650974, -0.0554544796
0.0165103894, -0.0682785500
0.0496687022, 0.0495462460
-0.0093077944, 0.0604602865
-0.0158843232, -0.0241089077
-0.0092597155, -0.0438114314
-0.0312214519, -0.0594381752
0.0011613705, -0.0359777762
0.0351787980, 0.0195676341
0.0139270023, -0.0168636413
0.0048508197, -0.0830559916
0.0184967060, -0.0098815576
0.0121718296, 0.0458782862
0.0066559474, -0.0157421888
-0.0078085199, -0.0479342185
-0.0100261846, -0.0065122216
-0.0019041482, 0.0203541221
-0.0231681173, -0.0035973482
-0.0185732096, -0.0131970188
0.0037851701, -0.0114911932
-0.0072861000, 0.0027841535
-0.0105816636, 0.0174508875
0.0039467442, 0.0073951133
0.0082986237, -0.0237954168
0.0071715245, -0.0143518806
-0.0016044680, 0.0176381383
-0.0073568585, 0.0065917647
0.0041009141, -0.0190053321
0.0029084066, -0.0088033991
0.0021309297, 0.0162535919
0.0086132024, 0.0106805709
0.0034491675, -0.0099336704
0.0041900889, -0.0054497283
0.0076070208, 0.0062253188
0.0005426227, 0.0006769620
-0.0015243971, -0.0000562190
-0.0039125676, -0.0046338249
0.0000705226, -0.0082871591
-0.0072850260, 0.0077614954
-0.0045774022, 0.0126980319
0.0091575184, -0.0039110323
0.0020109320, -0.0066682999
0.0071693013, 0.0115849530
0.0070778405, 0.0096894674
0.0005863779, -0.0027574390
0.0053044553, -0.0001321793
0.0006508937, -0.0006066353
0.0001466040, 0.0019086525
-0.0034069679, -0.0012062617
-0.0005816180, -0.0033520466
0.0060199344, -0.0024550175
-0.0010721570, 0.0000493142
-0.0008548581, 0.0019052187
-0.0027809273, 0.0015164655
-0.0050184374, -0.0027753963
0.0015331314, 0.0006093649
-0.0005848144, 0.0075996122
-0.0066407580, 0.0080865961
-0.0024837552, 0.0089647481
-0.0035772045, 0.0086236558
-0.0077269116, 0.0073103271
-0.0014896466, 0.0048409395
-0.0029369318, -0.0031080333
-0.0041160623, -0.0075458387
-0.0003926049, -0.0069024474
0.0020034059, -0.0091965035
-0.0016875643, -0.0102091168
-0.0099873864, -0.0068652686
-0.0014254637, -0.0058394567
0.0029132400, -0.0028620029
-0.0006505826, 0.0068142813
0.0029764576, 0.0088757412
-0.0030092880, 0.0023676921
0.0041911683, -0.0003704053
0.0080499558, 0.0001482817
0.0021664555, -0.0009294652
0.0046745645, -0.0024793203
0.0038331315, -0.0039053546
0.0016792116, 0.0005276489
-0.0061432137, 0.0023792939
-0.0038875305, 0.0027646177
-0.0033722735, 0.0034670309
-0.0112344563, 0.0017118067
0.0000214329, 0.0020662150
-0.0007540204, -0.0004329327
-0.0032130142, -0.0027619829
-0.0021571217, -0.0036236018
-0.0029782885, -0.0009980222
0.0000465610, 0.0010732109
-0.0086165748, 0.0000105298
-0.0067140162, 0.0020769793
-0.0056175848, 0.0046790869
-0.0031386127, 0.0040763402
0.0019664639, -0.0003948678
-0.0036766348, -0.0010959669
0.0013669343, -0.0030229834
-0.0013068053, -0.0032020154
-0.0051586577, -0.0037309158
-0.0050775516, -0.0037385453
-0.0051182364, -0.0024303505
-0.0048174284, -0.0005979116
-0.0053282137, -0.0007649312
0.0010900344, -0.0031160322
-0.0017026293, -0.0031566052
-0.0023245354, -0.0032231576
0.0029765633, -0.0036935613
-0.0010328305, -0.0031495695
-0.0025239364, -0.0000268812
0.0006555455, 0.0046446132
0.0001940023, 0.0054915880
-0.0020291012, 0.0042889047
-0.0012675490, 0.0028111877
0.0004531093, 0.0020327365
-0.0014629674, 0.0015113058
-0.0017902958, -0.0012190362
-0.0008996223, -0.0041133755
-0.0027787309, -0.0026402644
-0.0038151190, 0.0011435011
-0.0036674992, 0.0020381994
-0.0028002795, 0.0002193635
-0.0028499751, 0.0001650105
-0.0028073712, 0.0009575219
-0.0006657535, 0.0001023415
-0.0004280665, -0.0016694978
0.0013401557, -0.0024008006
0.0019471091, -0.0006378069
0.0011576119, 0.0003338312
0.0005371364, 0.0001855840
-0.0001724674, 0.0004231668
-0.0002532691, 0.0008865557
-0.0020610664, 0.0008169414
-0.0014646357, 0.0003521833
-0.0006231259, -0.0001764245
-0.0004025759, -0.0009706702
