0.0000000000, 0.0000000000
0.0000000000, 0.0000000000
0.0000000000, 0.0000000000
0.0000000000, 0.0000000000
0.0000000000, 0.0000000000
0.0000000000, 0.0000000000
0.0000000000, 0.0000000000
0.0000000562, 0.0000000453
0.0000001643, 0.0000000712
-0.0000000225, 0.0000000421
0.0000007968, 0.0000008078
-0.0000369273, -0.0000299654
-0.0001127855, -0.0000517786
-0.0003135993, -0.0002767204
-0.0006296471, -0.0003422382
-0.0009243111, -0.0005250812
-0.0013044047, -0.0015235384
-0.0019379277, -0.0020310409
-0.0026509757, -0.0015890005
-0.0023365389, -0.0023253835
-0.0036305336, -0.0031051696
-0.0022457280, -0.0024008982
-0.0033262261, -0.0030444477
-0.0044147010, -0.0031633198
-0.0041070249, -0.0034454539
-0.0024971031, -0.0027652068
-0.0038763495, -0.0032784146
-0.0052214174, -0.0035546444
-0.0057214849, -0.0031606455
-0.0001586111, -0.0038628910
0.0008812867, -0.0043299688
0.0666004782, -0.0025832107
0.7811312456, -0.0030273193
0.5008099462, -0.0055015990
-0.1989261642, -0.0036663561
0.2809794716, -0.0040245113
-0.6597355903, -0.0020109511
-0.5875271689, -0.0047253155
-0.0217495027, 0.0660744324
-0.6417572656, 0.3805639287
-0.0892946661, 0.2708146111
0.6047854758, -0.0189191749
0.3963791248, 0.2520048719
-0.2582218047, -0.0368256636
-0.0565389259, -0.3624565140
0.1016356755, -0.1694175323
-0.3548215433, -0.3298233350
-0.2624135190, -0.2343383599
0.0377456052, 0.2482977221
0.0769340647, 0.2387303183
0.0394990147, -0.1361535516
0.0087163900, -0.0114574935
0.0908217774, 0.1162911658
0.0989584921, -0.1289982742
-0.0572447213, -0.2275109849
-0.0215115915, -0.0846869348
-0.0143961321, 0.0541333240
-0.1279595964, 0.0492817390
-0.0677716781, 0.0227388283
-0.0078997849, 0.0179037968
-0.0584852687, -0.0373753071
-0.1148770550, 0.0031178244
-0.0240464598, 0.0262408258
0.0083328654, -0.1385352792
-0.0302848819, -0.1276435669
-0.0117180377, 0.0479767328
0.0325898348, 0.0302075398
0.0725369893, -0.0829404894
-0.0307168627, -0.0272879009
-0.0480216264, 0.0558051704
-0.0016864961, 0.0192358486
-0.0004348665, -0.0317872645
0.0044660055, -0.0321711166
0.0192871612, -0.0395782378
0.0084538197, -0.0271011521
0.0080180798, 0.0012190061
0.0213800605, -0.0433468120
0.0086707822, -0.0729803999
0.0017365742, 0.0007876677
-0.0033453110, 0.0259671840
-0.0002054947, -0.0317109956
0.0097523103, -0.0372547373
-0.0111254159, 0.0063337811
-0.0332385345, 0.0125045526
-0.0020972963, -0.0107303598
0.0022925625, -0.0123987546
-0.0242985462, -0.0074703847
-0.0033719079, 0.0047153520
0.0114614006, 0.0130503510
0.0103478159, 0.0025401510
0.0046419656, -0.0207900796
-0.0071528004, -0.0039712996
0.0074502016, 0.0210797851
0.0099083237, 0.0010254000
-0.0009081977, -0.0189737472
0.0035559921, 0.0007884136
0.0025503827, 0.0168511417
0.0026148274, 0.0032849302
0.0041166697, -0.0090536133
-0.0032785504, -0.0049324651
-0.0009470290, 0.0034079450
-0.0001923778, 0.0044322210
0.0007183560, 0.0015101816
-0.0040690773, -0.0098516574
-0.0014274936, -0.0076444279
0.0093750995, 0.0090865960
-0.0008163996, 0.0051748876
0.0070943463, -0.0064684431
0.0060751573, -0.0046527573
-0.0039635865, 0.0106750821
0.0054845284, 0.0101491033
0.0027030934, -0.0019765568
0.0018212855, -0.0020722531
-0.0005431657, 0.0013427502
0.0020688896, 0.0041169151
0.0074278758, 0.0004332172
-0.0013139334, -0.0035648071
-0.0055190597, -0.0027944506
-0.0029136825, 0.0006920849
-0.0040069592, 0.0014368528
-0.0006569697, -0.0002867932
0.0031280211, -0.0031284036
-0.0059364723, 0.0015706123
-0.0034585849, 0.0070760553
-0.0032199804, 0.0091407757
-0.0085464035, 0.0053393276
-0.0023225858, 0.0056805427
-0.0015900959, 0.0080882612
-0.0062347991, 0.0043420097
-0.0047369097, -0.0030066141
0.0016770470, -0.0057566657
-0.0038959242, -0.0021068542
-0.0095707155, -0.0015789831
-0.0003055745, -0.0079149724
0.0016523319, -0.0059184003
-0.0001821464, -0.0036962673
0.0045556272, -0.0038992227
0.0012799699, 0.0012091485
0.0042913502, 0.0021767580
0.0073312754, 0.0007966316
0.0055089391, 0.0066298012
0.0044151914, 0.0061496815
0.0025851635, -0.0055229866
-0.0008145973, -0.0055186276
-0.0052719022, 0.0033392845
-0.0023693775, -0.0005886054
-0.0042131787, -0.0036916313
-0.0103681252, 0.0014674622
0.0012614809, -0.0004065438
-0.0007310582, 0.0041492549
-0.0027231809, 0.0063877286
-0.0014201627, -0.0031830829
-0.0011647762, -0.0046016295
0.0006346769, 0.0008602729
-0.0089722083, 0.0001293103
-0.0062078386, -0.0045229290
-0.0046479518, 0.0013856108
-0.0031408106, 0.0059552728
0.0021375331, 0.0050694098
-0.0027741641, 0.0018243550
0.0005695107, -0.0020337102
-0.0011452762, -0.0009975126
-0.0053125940, 0.0012928342
-0.0064445666, 0.0008567176
-0.0047252231, -0.0043801161
-0.0041022556, -0.0044443659
-0.0059010647, -0.0013035121
0.0003236308, 0.0011123267
-0.0002202283, -0.0010959078
-0.0023396692, -0.0042068068
0.0036777040, -0.0033187882
-0.0002600251, -0.0022291254
-0.0032705715, -0.0031221778
0.0007486608, -0.0029492881
0.0002262862, 0.0017842942
-0.0018925746, 0.0052730650
-0.0011412484, 0.0049296299
0.0012968914, 0.0045709358
-0.0009794440, 0.0040137185
-0.0019484130, 0.0030284365
-0.0004727257, 0.0013975146
-0.0030949818, -0.0009243504
-0.0038149249, -0.0023905099
-0.0039288272, -0.0011595123
-0.0029687253, 0.0009708304
-0.0031312884, 0.0004343254
-0.0030439366, -0.0007488403
-0.0003811486, 0.0002275543
-0.0002152903, 0.0005057615
0.0016889994, 0.0002209003
0.0023283280, -0.0009041530
0.0014689446, -0.0014222321
0.0006953379, -0.0003952461
-0.0001754593, -0.0000265437
-0.0002981690, 0.0000068081
-0.0021508935, 0.0003515847
-0.0015845864, 0.0006625052
-0.0006329914, 0.0005598506
-0.0004122054, 0.0003772663
0.0003344647, -0.0001346680
