0.0000000000, 0.0000000000
0.0000000000, 0.0000000000
0.0000000000, 0.0000000000
0.0000000000, 0.0000000000
0.0000000000, 0.0000000000
0.0000000000, 0.0000000000
0.0000000314, 0.0000000147
0.0000000863, 0.0000000568
0.0000005873, 0.0000005302
-0.0000025033, -0.0000015174
-0.0000095560, -0.0000034526
-0.0001213655, -0.0000758965
-0.0002152167, -0.0002106856
-0.0003161019, -0.0003249620
-0.0010480821, -0.0006540267
-0.0014256623, -0.0011859278
-0.0010682818, -0.0017230962
-0.0019960269, -0.0015739771
-0.0027390711, -0.0018375757
-0.0027768987, -0.0030568250
-0.0026474321, -0.0026740513
-0.0027192631, -0.0026853998
-0.0041235460, -0.0029599657
-0.0036170338, -0.0028724539
-0.0049629381, -0.0031059702
-0.0010526493, -0.0027349468
-0.0068176856, -0.0034521394
-0.0039302472, -0.0036469265
-0.0083977095, -0.0034783503
0.0140489346, -0.0031051698
-0.0068370910, -0.0028882347
0.5807623135, -0.0027358239
0.8697201010, -0.0036969116
-0.1424145442, -0.0039136281
0.1680471352, -0.0041863037
-0.3363554455, -0.0032257994
-0.8962616817, -0.0043973281
-0.0392941155, 0.0004022129
-0.5795727282, -0.0049761963
-0.3259568721, 0.0663835354
0.5892857139, 0.3485207633
0.5461257619, 0.2476254387
-0.1195293662, -0.0024278154
-0.1689130990, 0.2333296891
0.1000924113, -0.0118832421
-0.2732367686, -0.3117367768
-0.3375188928, -0.1576962432
-0.0619176931, -0.2976026568
0.0666362230, -0.2223447844
0.0937045787, 0.1979777214
0.0049623300, 0.2039953757
0.0667856130, -0.1254517365
0.1534504103, -0.0145778210
-0.0323254398, 0.1050416848
-0.0162533363, -0.1070932203
0.0315655107, -0.2046552241
-0.1905345438, -0.0592364449
-0.1174968480, 0.0571029681
0.0076459156, 0.0142882987
-0.0644962347, 0.0152347391
-0.0970445451, 0.0123425353
-0.0443118129, -0.0453201419
-0.0074654108, 0.0084894306
-0.0051816611, 0.0297989800
0.0041755166, -0.1239739127
0.0279503631, -0.1054540176
0.0967670037, 0.0380092367
-0.0388906573, -0.0029453751
-0.1120330900, -0.0571423724
0.0007371653, -0.0192652783
0.0503682425, 0.0263410733
-0.0088160313, 0.0171098134
0.0109027826, -0.0225799332
0.0225255362, -0.0266019414
0.0119864620, -0.0476029596
0.0409284030, -0.0456186344
-0.0041994277, -0.0142824857
-0.0089215494, -0.0409297279
0.0054536149, -0.0656401502
-0.0073199636, 0.0059279900
0.0077632870, 0.0234777641
-0.0011330985, -0.0285354762
-0.0192541593, -0.0230807899
0.0116522414, 0.0051525396
0.0208986908, -0.0008711730
-0.0167657197, -0.0180051987
-0.0134189477, -0.0153699316
0.0019466209, -0.0094348582
0.0056094966, -0.0000724326
0.0087664827, 0.0142567461
-0.0074221306, 0.0091997194
-0.0004812365, -0.0150819776
0.0109903714, 0.0030045252
0.0014888919, 0.0242850323
-0.0067514713, -0.0057365548
0.0037258371, -0.0202497939
-0.0006426268, -0.0002429286
-0.0010322741, 0.0065727987
-0.0022779438, 0.0009510508
-0.0098952823, -0.0029776555
-0.0011351359, 0.0023611179
0.0093814382, 0.0045894657
0.0049807573, 0.0066545427
0.0011694145, 0.0049396056
0.0082518281, -0.0098253669
-0.0008207764, -0.0075417413
0.0044209678, 0.0079685140
0.0078537724, 0.0024719514
-0.0061203364, -0.0074222200
-0.0002489288, 0.0003095185
0.0007281493, 0.0108957963
-0.0034156855, 0.0038990094
0.0002725684, -0.0016161028
0.0036948029, -0.0028865281
0.0129166958, -0.0042622451
0.0078241434, 0.0015662121
-0.0022304180, 0.0016366972
-0.0016500977, -0.0000386465
0.0006937341, -0.0006730830
-0.0024614978, 0.0031135011
-0.0014501676, 0.0027342590
-0.0056754851, -0.0003096436
-0.0075493669, -0.0035709971
-0.0020813694, 0.0011652715
-0.0077961641, 0.0054509696
-0.0037079174, 0.0050411015
0.0004518971, 0.0052254786
-0.0050423723, 0.0042784373
-0.0049397640, 0.0030486812
0.0015359389, 0.0026373786
-0.0003742839, -0.0039072327
-0.0094660352, -0.0067354002
-0.0039420892, -0.0020267050
0.0039483323, -0.0018394341
-0.0001466646, -0.0080225170
0.0014441634, -0.0051953915
-0.0002717609, -0.0005803376
0.0017219446, -0.0025627789
0.0055307772, -0.0011200746
0.0040316197, -0.0012858569
0.0056597218, 0.0016976269
0.0005632170, 0.0069191304
-0.0016617814, 0.0031734586
-0.0057447810, -0.0042646199
-0.0052472465, -0.0042827303
-0.0008958240, 0.0023624315
-0.0094466461, 0.0017601175
-0.0028999474, -0.0036453107
0.0037588100, -0.0017243357
-0.0015716067, 0.0030720154
-0.0023365737, 0.0084900759
-0.0027640059, 0.0035184445
0.0018480189, -0.0026156433
-0.0081481088, -0.0045267540
-0.0096580422, -0.0003431280
-0.0035500498, 0.0014156139
-0.0059966942, -0.0001886513
0.0010051993, -0.0017392062
-0.0009920011, 0.0014266544
-0.0000788647, 0.0047557780
-0.0011957714, -0.0000392274
-0.0042685443, -0.0022415757
-0.0049166084, -0.0005415636
-0.0055362333, 0.0029825484
-0.0031652020, 0.0001700960
-0.0059028616, -0.0034672197
-0.0010752604, -0.0023028495
0.0007196200, -0.0018532134
-0.0039331879, 0.0000709808
0.0018430014, -0.0020740115
0.0019803322, -0.0034916584
-0.0028682873, -0.0016027699
-0.0004818040, 0.0006523405
0.0005432307, -0.0003228005
-0.0021818424, -0.0010472457
-0.0024338882, 0.0020260098
-0.0002907037, 0.0041709317
-0.0000308580, 0.0031944195
-0.0019367406, 0.0009536470
-0.0012221085, -0.0010025265
-0.0023667334, -0.0008239998
-0.0036261144, 0.0000756701
-0.0039980816, -0.0007196851
-0.0037593593, -0.0011105999
-0.0030873083, 0.0004658471
-0.0036466566, 0.0030480685
-0.0009282542, 0.0017611097
-0.0005163978, -0.0001594384
0.0007562137, 0.0000953743
0.0025315261, 0.0006078855
0.0017715174, 0.0001136346
0.0011501077, -0.0010772785
-0.0000161284, -0.0011787117
-0.0000464037, -0.0000971001
-0.0017196379, 0.0003037106
-0.0020308550, 0.0001449641
-0.0007314678, 0.0001806598
-0.0006851184, 0.0004267858
0.0002076956, 0.0004209136
0.0002013830, 0.0002426371
