0.0000000000, 0.0000000000
0.0000000000, 0.0000000000
0.0000000000, 0.0000000000
0.0000000000, 0.0000000000
0.0000000000, 0.0000000000
0.0000000014, -0.0000000045
0.0000001681, 0.0000001477
-0.0000002884, -0.0000001005
0.0000011725, 0.0000003345
-0.0000045446, 0.0000020370
-0.0000717908, -0.0000698153
-0.0000674177, -0.0000856835
-0.0003999820, -0.0002597713
-0.0005874752, -0.0006036735
-0.0010682101, -0.0004860551
-0.0017779513, -0.0013000006
-0.0015970638, -0.0014339061
-0.0027330019, -0.0019501975
-0.0030141086, -0.0009049084
-0.0034773216, -0.0028399545
-0.0028026734, -0.0018779631
-0.0033548765, -0.0022090278
-0.0036269231, -0.0022386668
-0.0037528146, -0.0028097848
-0.0043643504, -0.0024967645
-0.0030715843, -0.0005806525
-0.0035188612, -0.0061468815
-0.0043630873, -0.0013505860
-0.0047542156, -0.0048487308
-0.0035697579, 0.0126602482
-0.0037823100, 0.1080212293
-0.0037799901, 0.9301607093
-0.0037781692, 0.6424225839
-0.0045884552, -0.0444095759
-0.0027568407, 0.2775672602
-0.0051076859, -0.5583233197
-0.0037236836, -0.8155829547
-0.0047301842, -0.5327155271
-0.0026254944, -0.6174565667
-0.0055400441, 0.1560735751
0.0002893489, 0.8431413298
-0.0041852848, 0.2959400142
0.1213348166, -0.3368221578
0.2706933437, -0.0837986096
0.0917565117, 0.0221209129
0.0864809474, -0.1993447018
0.0883968106, -0.3652530015
-0.1405035586, -0.2320315245
-0.1114967326, 0.1397739180
-0.1106804924, 0.0715768668
-0.2020500771, 0.0948307450
-0.1248231730, 0.2055657782
0.0658494214, 0.0927836785
0.1028926764, 0.0286559253
-0.0515806585, -0.0605498095
-0.0087604505, -0.3059846573
0.0479588194, -0.3153963036
-0.0697103655, -0.0462563264
-0.0824504805, 0.0095169675
-0.0074759271, -0.0619391197
0.0183412791, 0.0370210247
-0.0161009360, 0.0193632510
-0.0244099477, 0.1110338726
0.0191709797, 0.1344828698
0.0002533586, -0.0955995930
-0.0544109423, -0.1626009393
-0.0370457435, -0.1223784951
-0.0150943324, 0.0616699088
-0.0527131389, 0.0686049327
-0.0416522186, -0.0684244957
0.0127097649, 0.0186631709
-0.0097143301, 0.0544874368
-0.0431651977, 0.0160220281
-0.0141884896, 0.0086147043
-0.0030682922, -0.0163170939
-0.0338835402, 0.0054159754
-0.0485006419, 0.0488897891
-0.0289288342, 0.0123013832
-0.0167175585, -0.0246978376
-0.0290124251, 0.0049111671
-0.0243575660, 0.0237706269
-0.0060712290, 0.0286014514
-0.0145892182, -0.0271669619
-0.0220590424, -0.0466380317
-0.0022060948, 0.0226850166
-0.0048850884, 0.0244335395
-0.0185114780, -0.0015374278
-0.0118699449, 0.0054421747
0.0008293257, 0.0016615871
0.0024020639, 0.0228255092
0.0008857162, 0.0262274182
0.0072967659, -0.0073132130
0.0071275683, -0.0178367347
0.0005861122, -0.0113767021
-0.0005391599, -0.0056561000
-0.0003830043, -0.0004131910
-0.0030101431, -0.0076077600
-0.0056081620, 0.0028745875
-0.0044656920, 0.0173421981
0.0044932158, 0.0005834116
0.0054671476, -0.0096431913
-0.0041969602, 0.0035809188
-0.0033204414, 0.0139441190
-0.0018676807, 0.0100381038
-0.0070374181, -0.0064019782
-0.0016104520, 0.0005076585
0.0059373848, 0.0076834548
-0.0001571957, 0.0042363235
0.0000655047, 0.0074270013
0.0068960179, 0.0056706469
0.0034830076, 0.0063773070
0.0024255415, 0.0069935545
0.0016136320, -0.0030688822
-0.0030472735, -0.0148984614
-0.0028109196, -0.0107085494
-0.0007182584, 0.0059664234
0.0001637876, 0.0045233187
0.0029284270, -0.0073036994
0.0033415234, -0.0061538338
0.0017358945, -0.0004068610
0.0031945553, -0.0054499331
0.0036566238, -0.0022154905
0.0008120323, 0.0023726523
-0.0005175785, -0.0044479747
0.0007516156, -0.0014081648
0.0000187548, -0.0091049942
0.0006891047, -0.0109907003
0.0036875900, 0.0016282030
0.0024272426, 0.0060737647
-0.0012431474, 0.0077257628
-0.0009330312, 0.0071566142
-0.0004329785, 0.0027629123
-0.0021813535, 0.0005161134
-0.0021253626, -0.0008913375
-0.0053690377, -0.0025579877
-0.0092182107, 0.0006948920
-0.0034876800, 0.0052160026
-0.0031599654, 0.0063936835
-0.0011622396, 0.0067153623
0.0048834716, 0.0048163025
0.0012225999, -0.0005963207
0.0037408585, 0.0028800094
0.0096703278, 0.0068843227
-0.0013189581, 0.0070578459
-0.0050965122, 0.0123030019
0.0016672926, 0.0088967955
-0.0031680722, 0.0025706609
-0.0060122447, -0.0016768806
-0.0007414441, -0.0047759637
0.0005555379, -0.0036835542
-0.0019522935, -0.0051662435
-0.0009491319, -0.0027489055
0.0004313252, -0.0037071643
0.0008670949, -0.0011951023
0.0025456106, 0.0009947220
0.0027292165, 0.0037213317
0.0020592623, 0.0039107836
0.0001731441, -0.0037835225
-0.0032083345, -0.0007165309
0.0003120722, 0.0043414917
0.0013221050, 0.0008378696
-0.0014445585, -0.0015540341
0.0007865720, -0.0039595310
0.0033981163, -0.0084897013
0.0021187299, -0.0045313415
-0.0004483748, -0.0004320647
-0.0019801608, 0.0002221737
-0.0024959386, 0.0037385272
-0.0018058440, 0.0008038047
-0.0008967806, -0.0034015480
-0.0000791766, -0.0030440107
0.0001595473, -0.0043898039
0.0017726636, -0.0017010068
0.0013100149, 0.0010011655
-0.0019472316, -0.0034224933
-0.0036831694, -0.0035025233
-0.0018910362, 0.0027064482
-0.0004257346, 0.0057712595
0.0014767819, 0.0044901028
0.0022572051, 0.0033088882
0.0015134297, 0.0013338655
0.0029498624, 0.0000079911
0.0016529570, -0.0013233615
-0.0007994275, -0.0038011984
0.0003298005, -0.0022470256
0.0006673453, -0.0006456710
-0.0002664775, -0.0029860043
0.0011135631, -0.0041415177
0.0019050762, -0.0011274593
0.0012349658, 0.0011218677
0.0011688195, 0.0005736052
0.0007250369, 0.0001445448
-0.0003109845, -0.0006423104
-0.0004177014, -0.0006903555
-0.0001459650, -0.0003300789
-0.0005125496, -0.0011772529
-0.0004364374, -0.0008929726
0.0001166937, 0.0003391889
0.0001516451, 0.0005179152
0.0001493661, -0.0000275437
