0.0000000000, 0.0000000000
0.0000000000, 0.0000000000
0.0000000573, 0.0000000497
0.0000000021, -0.0000001459
0.0000007102, 0.0000011100
-0.0000028585, -0.0000041797
-0.0000186847, -0.0000068273
-0.0001023400, -0.0000522625
-0.0002542887, -0.0002079055
-0.0005002757, -0.0002892475
-0.0009466593, -0.0006107707
-0.0015336665, -0.0009323490
-0.0022437864, -0.0008127642
-0.0023211723, -0.0017124419
-0.0035704526, -0.0025724651
-0.0034216360, -0.0017919207
-0.0031102908, -0.0015076810
-0.0037817797, -0.0027979295
-0.0041886783, -0.0021952692
-0.0031231582, -0.0024232335
-0.0046394692, -0.0036577802
-0.0034845346, 0.0001048142
-0.0033773649, -0.0076185868
-0.0049276602, -0.0011692801
-0.0039854421, -0.0043798022
-0.0042176253, 0.0071599893
-0.0039909945, 0.0608745316
-0.0048712455, 0.9370276779
-0.0042789261, 0.8160259985
-0.0046328375, 0.0960549537
-0.0045830333, 0.1086589812
-0.0045264828, -0.7660409228
-0.0045103323, -0.6222068686
-0.0040511980, -0.8239987193
-0.0044171199, -0.3799061375
-0.0039525867, 0.6314720216
-0.0046433359, 0.4360437058
-0.0040064553, 0.0917682358
-0.0046566750, -0.2371285156
-0.0035810595, -0.2480008977
-0.0044155833, -0.0841375645
-0.0038010625, -0.0397241537
-0.0046410295, -0.2223219872
-0.0032785055, -0.0655319601
-0.0039107193, 0.1268733788
0.0718912821, 0.0348679305
0.1644448803, 0.1541471776
0.0876401061, -0.0550042708
0.1149888423, -0.1107653253
0.0819284232, 0.0683214831
-0.0614245043, -0.1596884637
-0.0663624089, -0.2624325983
-0.1073043853, -0.0853811744
-0.1524258179, -0.0234620245
-0.1170036833, 0.0793587210
0.0164977320, -0.0341152138
0.0707871889, -0.0997588618
0.0128673825, 0.1101234831
0.0408820426, 0.0922365716
0.0527321545, -0.0275679066
-0.0300458126, -0.1127052121
-0.0428335772, -0.1047842972
-0.0267539999, 0.0568592136
-0.0354313100, 0.0767980312
-0.0475340386, -0.0462274893
-0.0396751884, 0.0211102743
-0.0100345052, 0.0535484941
-0.0192147446, 0.0291470235
-0.0583598889, -0.0431073357
-0.0502394750, -0.0933447567
-0.0303675393, -0.0021114766
-0.0496861633, 0.0921264119
-0.0487036274, 0.0393457546
-0.0223670496, -0.0108183441
-0.0196177654, -0.0106741741
-0.0259467224, 0.0203212935
-0.0136147813, 0.0464980425
-0.0063579360, -0.0199951943
-0.0107432272, -0.0181534531
-0.0193259238, 0.0206461821
-0.0197783126, 0.0163825445
-0.0205886710, 0.0026011229
-0.0285699409, -0.0108719798
-0.0273799344, -0.0031174511
-0.0144338004, 0.0365305625
-0.0138012094, 0.0264202410
-0.0138568569, -0.0211515718
-0.0000099466, -0.0228921439
0.0045820702, -0.0056801762
-0.0031193155, 0.0240814622
-0.0002629328, 0.0119122187
0.0026512186, -0.0109148703
-0.0009864940, 0.0025295276
-0.0033043539, 0.0229200339
-0.0043179497, 0.0038257808
-0.0041484472, -0.0132607416
-0.0059648698, -0.0075166979
-0.0063903381, 0.0076485498
-0.0024980914, 0.0217390273
0.0014265841, -0.0054550115
-0.0007830269, -0.0100677508
0.0032470316, 0.0132143335
0.0038868756, 0.0189332366
-0.0013429657, 0.0117711991
0.0008171914, -0.0057737706
-0.0016814208, 0.0054515955
-0.0044002330, 0.0129565941
-0.0014453559, -0.0022293764
-0.0014965126, -0.0084893521
-0.0026632418, -0.0115171319
-0.0022646225, 0.0030593232
-0.0010797131, 0.0078173974
0.0019864098, 0.0020045713
0.0052670581, -0.0001402216
0.0049600564, -0.0059045530
0.0058930739, -0.0033989195
0.0034213488, -0.0042177837
-0.0010284742, -0.0043902061
0.0013413220, -0.0032206292
0.0013790542, 0.0058270395
-0.0011080924, 0.0063316015
-0.0001811406, 0.0005577032
0.0027211026, -0.0036876911
0.0017017905, -0.0008446883
0.0019456822, 0.0058516261
0.0020965164, -0.0016951083
0.0020981929, -0.0086691652
-0.0008752954, -0.0090935793
-0.0037263351, -0.0055236654
-0.0036849112, -0.0039763257
-0.0015863001, -0.0072407984
-0.0009037425, -0.0090288365
0.0012774214, 0.0045579252
0.0038997995, 0.0130264908
0.0016944191, 0.0053814449
-0.0003402364, -0.0019634965
-0.0008522603, -0.0023893516
-0.0019918031, -0.0009076714
-0.0029083760, -0.0015716961
-0.0037202865, -0.0023405952
-0.0035798446, -0.0010918315
0.0011644995, 0.0081187096
0.0022378168, 0.0034470415
0.0028027406, -0.0010225516
0.0033943671, -0.0021413157
0.0032518901, -0.0003900325
0.0001336812, 0.0030952792
0.0005596929, -0.0021087199
-0.0026541389, -0.0053638938
-0.0029700262, -0.0070906021
-0.0030523400, -0.0043534242
-0.0070968913, 0.0004061919
-0.0046568365, 0.0030604470
-0.0054612412, 0.0105958256
-0.0030699046, 0.0103606665
0.0032293339, 0.0036300754
-0.0011287704, -0.0065141002
-0.0004801945, -0.0138928098
0.0034258116, -0.0138783706
0.0029071716, -0.0072011155
-0.0002596825, -0.0020472922
-0.0006188236, -0.0034750610
0.0000923384, 0.0035196923
-0.0006564440, 0.0019993532
-0.0034883294, -0.0037426147
-0.0027317713, -0.0064188030
-0.0010823216, -0.0087703592
-0.0008487087, -0.0016278398
-0.0000821643, 0.0013722805
0.0007492017, -0.0000047403
0.0008135288, 0.0018174559
0.0013707444, 0.0013075134
0.0010290293, 0.0002828090
0.0016538964, -0.0006226147
0.0012810316, -0.0010646030
0.0010202096, -0.0029652741
0.0011431144, -0.0015292445
0.0012216342, -0.0030179109
0.0006751786, -0.0041843666
0.0005963578, -0.0020283654
0.0001619394, -0.0027629735
-0.0001341901, -0.0006705771
0.0003104127, 0.0005296040
0.0001447032, -0.0002195982
0.0000453726, 0.0004750644
-0.0001072584, -0.0004274049
-0.0000628836, -0.0015501992
0.0001233854, -0.0019030709
0.0000998899, -0.0025716259
0.0003152409, -0.0018209748
0.0003637021, -0.0009699478
0.0003301540, -0.0006817226
0.0003945564, -0.0001066719
0.0002117937, 0.0001384784
0.0001549493, -0.0000053212
0.0001168566, -0.0002187345
0.0000239632, -0.0004202055
-0.0000017185, -0.0002885303
-0.0000054668, -0.0000965964
-0.0000004083, -0.0000874772
