0.0000000000, 0.0000000000
0.0000000000, 0.0000000000
0.0000000000, 0.0000000000
0.0000000000, 0.0000000000
0.0000000000, 0.0000000000
0.0000000000, 0.0000000000
0.0000000000, 0.0000000000
0.0000000000, 0.0000000000
0.0000000000, 0.0000000000
0.0000000000, 0.0000000000
-0.0000000042, 0.0000000114
0.0000001853, 0.0000000087
-0.0000000083, 0.0000001848
0.0000000051, 0.0000009498
0.0000037691, -0.0000163509
-0.0000939745, 0.0000102067
-0.0001504278, -0.0001990242
-0.0003135762, -0.0003834141
-0.0011199476, -0.0002860094
-0.0012987212, -0.0009520209
-0.0016120817, -0.0016818358
-0.0023825153, -0.0018668102
-0.0029401068, -0.0018270263
-0.0018362370, -0.0019402142
-0.0036403168, -0.0028580379
-0.0032348484, -0.0021612336
-0.0030590316, -0.0033958663
-0.0039527413, -0.0018824151
-0.0035668103, -0.0048953397
-0.0044453698, -0.0005148920
-0.0037216309, -0.0053114508
-0.0032650056, -0.0014975932
-0.0064134950, -0.0086162991
-0.0025642416, 0.0093413165
-0.0053548748, -0.0146523613
0.0054170430, 0.2157996450
0.0310872052, 0.8038183770
0.4856674422, 0.0843781868
0.3687955731, 0.0094460482
-0.0466444562, 0.5093477551
0.2427454008, -0.6132681613
-0.2531798616, -0.4840718033
-0.4288429035, -0.2488906182
-0.1004698195, -0.6657939318
-0.3417316159, 0.0228300661
-0.2715533711, 0.7053629401
0.1550585537, 0.0539032569
0.3455253771, -0.3457826803
-0.0100485332, 0.2018357887
-0.1141955785, 0.1453956077
0.1547361580, -0.3419747135
-0.0938635821, -0.3015239359
-0.2958218827, 0.0014044956
-0.0568738450, 0.0424076911
0.0377248188, 0.0181202180
-0.0081835494, 0.0952326954
0.0141624587, 0.0608299422
0.0959417891, -0.0478754035
0.0722870352, 0.1384870392
-0.0523544141, -0.0010775818
-0.0702059325, -0.3235022391
-0.0228762531, -0.1259950186
-0.0918059737, 0.0958439741
-0.1062458690, -0.0473804937
0.0135651390, -0.1402928698
0.0168266964, 0.0115272529
-0.0523430226, 0.0678877427
0.0041406606, 0.0052945197
0.0464884053, -0.0005144258
-0.0134671639, -0.0316325929
-0.0536609245, -0.0858482953
-0.0440150826, -0.0224384731
-0.0241304735, 0.0380276474
-0.0370435444, -0.0511190884
-0.0173238877, -0.0587744110
0.0249983692, 0.0761543145
0.0183831158, 0.0470261066
0.0048468416, -0.0373806209
0.0222249268, 0.0038943557
-0.0022997068, 0.0405402790
-0.0352551570, 0.0151422582
-0.0148148214, -0.0015953623
-0.0023788622, -0.0136172945
-0.0133460359, -0.0096407721
-0.0191357322, -0.0005272445
-0.0054366161, 0.0110832199
0.0106500180, -0.0008596982
0.0080855732, -0.0324009231
0.0009110892, -0.0075252799
0.0078940539, 0.0272354694
0.0067868449, -0.0046047053
-0.0012443314, -0.0257777021
0.0012786862, 0.0125865531
0.0066276251, 0.0055935128
0.0002190766, -0.0139710201
-0.0011110923, -0.0027969100
0.0073631747, -0.0009641175
0.0016859095, -0.0040357594
-0.0068642907, 0.0109686334
-0.0057718642, 0.0031210087
-0.0010195135, 0.0027909213
0.0001037852, 0.0054295110
-0.0053311550, 0.0048160659
0.0046661162, 0.0188899870
0.0107301529, -0.0114793760
-0.0001336168, -0.0148168652
0.0013379503, 0.0091029511
0.0021166776, -0.0133319215
-0.0024415240, -0.0045713002
-0.0010052476, 0.0150504501
0.0009824044, -0.0026257287
-0.0030866476, 0.0008706183
-0.0033644785, 0.0171178517
0.0012006524, 0.0067718095
0.0003411684, -0.0065793989
-0.0033454840, 0.0107728317
-0.0009286486, 0.0073414686
0.0019259579, -0.0100190871
-0.0012898363, 0.0008372751
0.0016131964, 0.0024142160
0.0068170324, -0.0046032419
0.0036612960, 0.0033691907
0.0028847712, 0.0052134895
0.0109510331, -0.0064143999
0.0075966766, -0.0050339915
-0.0019860568, 0.0012064897
-0.0026518323, -0.0068205551
-0.0012813957, -0.0094004246
-0.0021022726, 0.0004386665
-0.0051922708, -0.0002073324
-0.0092584599, -0.0034058868
-0.0120444076, -0.0000602835
-0.0071273402, 0.0064888514
-0.0047342459, 0.0048260128
-0.0030751356, 0.0048376854
0.0035517533, 0.0082734125
-0.0016080471, 0.0069152253
0.0027667334, 0.0023195799
0.0059405287, -0.0009929446
-0.0074142120, -0.0027367388
-0.0028073792, -0.0075282400
0.0037559901, 0.0023195793
-0.0026997242, 0.0064281357
0.0008241595, -0.0028348701
0.0028815365, -0.0012692915
0.0001501884, 0.0025358093
0.0034599424, -0.0032953987
0.0036962100, -0.0114176243
0.0051273189, -0.0117270376
0.0042027525, -0.0044008125
-0.0049716919, 0.0042290224
-0.0030554273, 0.0039806665
-0.0003387379, -0.0038220136
-0.0060564100, 0.0000751764
-0.0047465393, 0.0056743449
0.0002203446, 0.0046999472
0.0003554510, 0.0045770065
0.0008400191, -0.0001366622
0.0034715261, -0.0020260187
0.0028150076, 0.0078953214
-0.0005946693, -0.0002061492
-0.0018688081, -0.0134460404
-0.0052509221, -0.0058814466
-0.0058840706, -0.0053805988
-0.0037130866, -0.0015074906
-0.0048186041, 0.0007159133
-0.0016271589, -0.0047258615
-0.0007795686, 0.0023598312
-0.0032954968, 0.0034271121
-0.0007603584, -0.0008806990
-0.0022039704, 0.0000784256
-0.0067604569, -0.0001011936
-0.0041829249, 0.0053914778
-0.0036840868, 0.0069494034
-0.0024092702, -0.0020050623
-0.0006709247, -0.0035972201
-0.0000248494, 0.0006608368
0.0002485111, -0.0016796107
0.0004845612, -0.0022144950
0.0014398523, -0.0007392816
0.0002772464, -0.0020650533
-0.0009934482, -0.0002824101
-0.0001879683, 0.0014074312
-0.0011698199, -0.0014858545
-0.0011974176, -0.0035389615
-0.0014726279, -0.0014581828
-0.0025171409, -0.0010052290
-0.0009335740, -0.0013605509
-0.0012873852, -0.0009789868
-0.0016237025, -0.0023875168
-0.0003399679, -0.0019980726
-0.0007157994, 0.0002974602
-0.0002650315, -0.0004131406
0.0006714877, -0.0000879383
-0.0002326003, 0.0020656608
-0.0001947927, 0.0005168698
0.0005514902, -0.0000725380
-0.0005530779, -0.0001137479
-0.0009520396, -0.0019037319
-0.0002227601, -0.0007584350
