0.0000000000, 0.0000000000
0.0000000000, 0.0000000000
0.0000000000, 0.0000000000
0.0000000000, 0.0000000000
0.0000000000, 0.0000000000
0.0000000000, 0.0000000000
0.0000000000, 0.0000000000
0.0000000000, 0.0000000000
0.0000000000, 0.0000000000
0.0000000003, 0.0000000032
0.0000001156, 0.0000001146
0.0000001141, -0.0000001301
0.0000004070, 0.0000015456
-0.0000027692, -0.0000136596
-0.0000554448, -0.0000201898
-0.0001775657, -0.0001775321
-0.0004218060, -0.0003614857
-0.0007187314, -0.0006243040
-0.0011343682, -0.0005703445
-0.0022909985, -0.0018482117
-0.0017679842, -0.0015598889
-0.0024920792, -0.0021020746
-0.0030460864, -0.0021215610
-0.0031359954, -0.0035897119
-0.0031575248, -0.0010376729
-0.0035612870, -0.0031579894
-0.0046979444, -0.0019251726
-0.0030717191, -0.0043716502
-0.0040550992, -0.0018393336
-0.0038620897, -0.0031935850
-0.0048842758, -0.0038690078
-0.0034599731, -0.0058447022
-0.0041857684, 0.0037355079
-0.0039207664, -0.0073663695
-0.0063976581, 0.1510236017
0.0009486336, 0.8697785497
-0.0052696766, 0.2120537534
0.0817887129, -0.1155497345
0.4942949896, 0.5961991899
0.2332306377, -0.5938753619
0.0084806374, -0.6047076850
0.2000838893, -0.2108347486
-0.3164146282, -0.7206275566
-0.3105926131, -0.0412018103
-0.1217347624, 0.7906574641
-0.3280393971, 0.1552140142
-0.1988236726, -0.4321412827
0.1712394175, 0.1458059497
0.2952559187, 0.1902733513
-0.0559184595, -0.3285335565
-0.0696512173, -0.3481162916
0.1348930245, -0.0163986961
-0.1477289492, 0.0804012524
-0.2538343564, 0.0297155678
-0.0244179730, 0.0858382108
0.0343274618, 0.0915525621
0.0147403234, -0.0602397960
0.0184878437, 0.1212828544
0.0656169731, 0.0596766208
0.0502372685, -0.3481680409
-0.0729512600, -0.1843946421
-0.0599267848, 0.1089739563
-0.0227245627, -0.0319891437
-0.1031530171, -0.1649928404
-0.0785567810, 0.0151551793
0.0237752191, 0.0647933443
0.0073899825, -0.0085788559
-0.0346752024, 0.0316785602
0.0295696189, -0.0273453409
0.0324554434, -0.1074918578
-0.0407704618, -0.0335912839
-0.0647362435, 0.0545752401
-0.0278243744, -0.0313843741
-0.0182433130, -0.0752770738
-0.0393765422, 0.0740698030
-0.0075089510, 0.0770664833
0.0163536183, -0.0339216720
0.0041033498, -0.0064973529
-0.0011747188, 0.0514125186
0.0083322505, 0.0086517255
-0.0161898290, -0.0018868790
-0.0312576169, 0.0098390703
-0.0051708470, -0.0193842644
-0.0029595994, -0.0171234632
-0.0150876933, 0.0184921082
-0.0120691571, 0.0068648897
0.0005319282, -0.0364650168
0.0093454724, -0.0117916921
0.0035924037, 0.0342087312
0.0000316905, 0.0003246103
0.0068052483, -0.0267880786
0.0047678592, 0.0107181732
0.0016776037, -0.0000833166
0.0050869555, -0.0117876181
0.0017016567, 0.0029177605
-0.0008864852, -0.0046103309
0.0032528037, -0.0112646345
0.0035801487, 0.0114314421
-0.0006014368, 0.0111568142
-0.0041017599, 0.0023759576
-0.0046571978, 0.0031917406
-0.0012799910, 0.0049949883
0.0002636754, 0.0232646626
-0.0035296274, -0.0109344260
0.0067085258, -0.0231954061
0.0062524042, 0.0107969668
-0.0047896390, -0.0118644509
-0.0002680934, -0.0061460809
0.0004817498, 0.0200680568
-0.0023278453, -0.0017832710
-0.0002059729, 0.0008966023
0.0002369785, 0.0224380968
-0.0045549727, 0.0101166472
-0.0005724270, -0.0100817446
0.0067984015, 0.0085959962
-0.0001864427, 0.0108604468
-0.0065691146, -0.0093999056
-0.0031277873, -0.0039845952
-0.0003339203, 0.0010332614
-0.0006227337, -0.0030806454
0.0022372521, 0.0042400241
0.0052624973, 0.0071443964
0.0064339554, -0.0046088375
0.0095813410, -0.0049252466
0.0116989097, 0.0015282269
0.0046785773, -0.0081866906
-0.0023260918, -0.0141785883
0.0018485595, -0.0042043826
-0.0015763516, -0.0025235997
-0.0065932065, -0.0019801412
-0.0118637017, 0.0012404361
-0.0145075101, 0.0077843394
-0.0057051044, 0.0079509514
-0.0036463264, 0.0061628177
-0.0031597124, 0.0093926994
0.0034768852, 0.0078399602
0.0058331772, -0.0017181576
0.0029522417, -0.0073320636
0.0006562548, -0.0055404261
-0.0030079321, -0.0063758213
-0.0013398868, 0.0038586178
-0.0015776540, 0.0092207368
-0.0032283605, 0.0026138829
-0.0001449607, 0.0056170339
0.0029142713, 0.0105198643
0.0056383393, 0.0026877859
0.0041376166, -0.0037516078
0.0022840682, -0.0107279679
0.0020631056, -0.0099526144
0.0058311779, -0.0016712467
-0.0001024174, -0.0018416702
-0.0074071506, -0.0035904721
-0.0011106354, 0.0037809971
-0.0028050129, 0.0091046235
-0.0040434952, 0.0056856759
-0.0001160958, 0.0052419162
-0.0008613272, -0.0047991122
0.0016405536, -0.0081894158
0.0020729009, 0.0053802887
0.0015849443, -0.0044842235
0.0000096892, -0.0192639188
-0.0044612512, -0.0087246984
-0.0048008455, -0.0068843413
-0.0064006933, -0.0049892554
-0.0041875165, 0.0031568194
-0.0035383374, -0.0010253021
-0.0037247665, 0.0031161951
0.0001684157, 0.0032012058
0.0002495469, -0.0024650739
-0.0022603039, -0.0033502536
-0.0017795278, -0.0033482447
-0.0025632851, 0.0022117068
-0.0056994359, 0.0042007215
-0.0029636279, -0.0016349098
-0.0019337421, -0.0012497998
-0.0013006765, 0.0037267986
0.0004701505, -0.0005707828
0.0008400828, -0.0010035815
0.0007769858, 0.0017658180
0.0009518694, -0.0027026811
0.0020699328, -0.0021949330
-0.0002461932, 0.0000658987
-0.0009392575, -0.0022344734
0.0002962247, -0.0039357508
-0.0007162944, -0.0022108148
-0.0011879135, -0.0012612440
-0.0013365610, -0.0011391033
-0.0015469250, 0.0000220924
-0.0006184012, -0.0021235943
-0.0014901089, -0.0026101721
-0.0018061584, 0.0004528490
-0.0004726527, 0.0001554620
-0.0007082324, -0.0005868453
-0.0002280036, 0.0017117506
0.0004713602, 0.0005165084
-0.0003576849, -0.0002177903
-0.0000815682, 0.0001116251
0.0003679616, -0.0022563610
-0.0005367488, -0.0011963568
-0.0006108043, 0.0003523194
