0.0000000000, 0.0000000000
0.0000000000, 0.0000000000
0.0000000000, 0.0000000000
0.0000000000, 0.0000000000
0.0000000000, 0.0000000000
0.0000000000, 0.0000000000
0.0000000000, 0.0000000000
0.0000000000, 0.0000000000
0.0000001114, 0.0000000487
-0.0000000048, 0.0000000895
0.0000001675, 0.0000005792
0.0000012734, -0.0000041607
-0.0000745225, -0.0000021179
-0.0000303966, -0.0001710579
-0.0005178527, -0.0001509133
-0.0004808564, -0.0004076976
-0.0009836426, -0.0011252388
-0.0017369759, -0.0011413175
-0.0021291303, -0.0014098327
-0.0030022667, -0.0021180190
-0.0024294757, -0.0024725107
-0.0032662114, -0.0007613567
-0.0031739626, -0.0021800489
-0.0035042491, -0.0026995106
-0.0035108892, -0.0025635628
-0.0031385164, -0.0024530584
-0.0034435649, -0.0012489978
-0.0039886245, -0.0067434964
-0.0042306240, -0.0001384696
-0.0042450699, -0.0069433002
-0.0032799424, 0.0155265296
-0.0045865830, 0.0435908675
-0.0025266441, 0.8152237599
-0.0053563880, 0.6539150349
-0.0028456366, -0.2806977892
-0.0065188579, 0.5150462017
0.0040643731, -0.2786724396
-0.0097548681, -0.9826258330
0.1836867754, -0.1864891995
0.3954522750, -0.6553420333
0.0872667277, -0.2684693603
0.0949887829, 0.8691302780
0.0720208504, 0.4699370235
-0.2863467071, -0.5049550952
-0.1597354118, -0.0881432099
-0.1559936812, 0.2381004007
-0.2643918882, -0.2771026257
-0.0939675032, -0.3911710883
0.1707517750, -0.0821166882
0.1630434207, 0.1451312240
-0.0910302502, 0.0537470415
-0.0025067609, 0.0485550657
0.0572813052, 0.1233604998
-0.1641911979, 0.0028382380
-0.1430493759, 0.0334546623
0.0241633528, 0.1026404082
0.0447097107, -0.2612705931
-0.0171628126, -0.3272658259
-0.0168136283, 0.0394544052
0.0350601978, 0.0315945273
0.0018666322, -0.1576777825
-0.0709034998, -0.0507742264
-0.0340429942, 0.1433335962
-0.0065207947, -0.0432681143
-0.0728160117, 0.0157147020
-0.0481065059, 0.1224288450
0.0238886918, -0.1724114697
-0.0077240004, -0.1628193494
-0.0276844836, 0.0734268792
0.0105740101, 0.0537401944
0.0060903048, -0.0693859370
-0.0232370213, 0.0338556304
-0.0375331230, 0.0898396158
-0.0278364208, 0.0019843871
-0.0237532863, -0.0218092984
-0.0493483482, 0.0286021062
-0.0308975540, 0.0141447608
-0.0037615144, -0.0165633875
-0.0166145394, 0.0442275297
-0.0063274878, -0.0028206390
0.0148487562, -0.0586916431
-0.0026882296, 0.0188094443
-0.0207598854, 0.0315630367
-0.0093901599, -0.0392357257
-0.0023326773, -0.0373584966
-0.0063224713, 0.0109929532
-0.0134403681, 0.0173074867
-0.0046236370, -0.0028924656
0.0134441790, -0.0015687136
0.0050639677, 0.0193041374
0.0011336649, -0.0089504782
0.0101688903, 0.0015566989
0.0028547392, 0.0255193090
-0.0011326448, -0.0160989779
0.0010519850, -0.0175717946
-0.0047907962, 0.0104016233
-0.0064554628, 0.0048822751
-0.0021007751, -0.0028063078
-0.0006684208, 0.0042765692
0.0004057576, 0.0102836129
-0.0011966864, 0.0001909375
0.0039783040, -0.0117013471
0.0075842462, -0.0042636047
-0.0031443010, 0.0084126313
-0.0014449223, 0.0076332476
0.0048842280, 0.0040955343
-0.0006391971, 0.0125305499
-0.0007471748, 0.0105614486
0.0034613169, 0.0079127035
-0.0012932795, 0.0163495445
-0.0025085352, 0.0036359049
0.0013937926, -0.0026857657
-0.0007139942, 0.0029094783
-0.0015188193, -0.0061775454
-0.0000450830, -0.0152359928
0.0033946675, -0.0108605782
0.0001707749, 0.0101027921
-0.0019762119, 0.0111723726
0.0016350132, -0.0034959796
0.0026346226, 0.0023634471
0.0028821254, 0.0039216636
0.0017609417, -0.0076104572
0.0064136896, -0.0047015307
0.0095665889, -0.0018497116
0.0071381623, -0.0119006254
0.0038545581, -0.0001387223
-0.0017363788, 0.0029804296
-0.0050856331, -0.0116159047
-0.0058987794, -0.0029602458
-0.0044665454, 0.0055234238
-0.0045549671, 0.0026200596
-0.0077438438, 0.0034979357
-0.0057723486, 0.0002675037
-0.0014292915, -0.0021168983
-0.0008492148, 0.0011649892
0.0028556881, 0.0025435804
0.0051259154, 0.0027727117
0.0032523154, -0.0016107771
0.0067642953, 0.0026648085
0.0004562995, 0.0099698084
-0.0065195024, 0.0101405542
0.0014508963, 0.0035797669
-0.0002589670, 0.0011186486
-0.0040606094, 0.0083257725
0.0002866919, 0.0056696565
0.0024906659, 0.0048456613
-0.0004026303, 0.0062762185
-0.0004195610, 0.0016853806
0.0017549833, -0.0040949915
-0.0010126468, -0.0048123807
0.0002064928, -0.0051186000
0.0000768155, -0.0095320534
0.0021157683, -0.0023800622
0.0017719530, 0.0021274383
-0.0021820050, 0.0030719510
0.0019531217, 0.0023541722
0.0021343171, 0.0000399435
-0.0018289709, 0.0040575698
-0.0002530191, -0.0009455552
0.0011057123, -0.0066919081
-0.0006203696, -0.0019668937
-0.0026417122, 0.0010003035
-0.0033030040, 0.0022908795
-0.0041678788, 0.0012352171
-0.0047952520, -0.0064363646
-0.0040805944, -0.0038717569
-0.0019729241, 0.0019783905
0.0010152116, -0.0004322964
0.0010173991, 0.0014262128
-0.0002932848, 0.0023639518
0.0006514624, -0.0017442220
0.0005763780, -0.0015562344
-0.0010013750, -0.0032646114
0.0001211831, -0.0025317534
0.0011579627, 0.0013069249
0.0005566358, 0.0005800978
-0.0000966213, -0.0014671287
-0.0001059884, 0.0008928442
-0.0008761602, 0.0035383714
-0.0010599322, 0.0022944153
0.0007245623, 0.0028195857
0.0012405725, 0.0013655136
0.0002261891, 0.0004599796
0.0014235183, 0.0009588945
0.0022932976, -0.0019397490
0.0016440165, -0.0018608817
0.0016800120, 0.0004104727
0.0000205811, -0.0021517403
-0.0025300091, -0.0054363230
-0.0018110338, -0.0026104797
-0.0006022240, 0.0006359134
-0.0018100670, -0.0005328407
-0.0010094303, 0.0000080297
0.0010582134, 0.0001182073
0.0005122398, -0.0009009371
0.0000818486, 0.0001969550
0.0007281596, -0.0006846212
0.0002237315, -0.0015498388
-0.0004064817, 0.0002476069
-0.0001866949, 0.0007930596
