0.0000000107, 0.0000000088
0.0000000569, 0.0000000539
-0.0000000678, -0.0000001622
0.0000009817, 0.0000013250
-0.0000110707, -0.0000109891
-0.0000192617, -0.0000157841
-0.0001087590, -0.0000517064
-0.0003097833, -0.0004062517
-0.0006105378, -0.0002478359
-0.0009631871, -0.0007386664
-0.0021877450, -0.0011238195
-0.0017774271, -0.0009698480
-0.0022856395, -0.0011734631
-0.0030572219, -0.0015517558
-0.0030198631, -0.0022187841
-0.0027257214, -0.0005601675
-0.0036897001, -0.0039633244
-0.0036979681, 0.0006086543
-0.0035106887, -0.0064931593
-0.0037168479, 0.0030437826
-0.0037571945, -0.0087195861
-0.0039466960, 0.0042052568
-0.0040082337, -0.0175174041
-0.0048227594, 0.0247103971
-0.0040533238, -0.0370570567
-0.0039083460, 0.3069998721
-0.0042377085, 1.2388241996
-0.0050154101, 0.4341150389
-0.0040967107, 0.0021479613
-0.0044328817, -0.2305795718
-0.0038988811, -0.8623950105
-0.0043227930, -0.5711770867
-0.0043718277, -0.7163189111
-0.0033188666, 0.3656166751
-0.0045085992, 0.6177671131
-0.0047589661, 0.0275754823
-0.0042083770, -0.0504718504
-0.0033730730, -0.4015448201
-0.0041482435, -0.1637350053
-0.0046152976, 0.0409989839
-0.0038431053, -0.1365049656
-0.0037574508, -0.1872518188
-0.0046754202, 0.0850962992
-0.0045634284, 0.1324704046
-0.0052420630, 0.1469121440
-0.0022782208, -0.0363229538
-0.0034648018, -0.1357914606
0.0562187482, 0.0600689914
0.1389259985, -0.1269064331
0.1070817139, -0.2582667362
0.0966808286, -0.1862873400
0.0644344718, -0.0682970871
-0.0434184240, 0.0951659521
-0.0682699864, 0.0193675961
-0.0692555403, 0.0039699355
-0.0925527163, 0.0380174048
-0.0709383503, 0.0242487673
0.0312880022, 0.0519935951
0.0644804178, -0.0880028075
-0.0005973314, -0.1466286022
0.0154568097, 0.0163601492
0.0205812414, 0.0855717560
-0.0388355616, -0.0036927656
-0.0495969374, 0.0154781296
-0.0469395063, 0.0164387370
-0.0541277139, 0.0383567478
-0.0693723294, -0.0051237397
-0.0754692218, -0.0840328991
-0.0419502655, -0.0192817494
-0.0190352585, 0.0403803767
-0.0293316455, 0.0666338417
-0.0275331391, 0.0254306310
-0.0240932931, -0.0403798362
-0.0422222803, -0.0053251366
-0.0363598325, 0.0463913419
-0.0197575700, 0.0002220294
-0.0249358944, -0.0253321762
-0.0240027483, 0.0108277361
-0.0123763286, 0.0428726725
-0.0057867906, 0.0326273198
-0.0122276871, -0.0170248588
-0.0236643878, -0.0165359090
-0.0155434450, 0.0115096050
-0.0081641026, 0.0225604397
-0.0194118190, 0.0067511711
-0.0203446763, -0.0254032310
-0.0116617499, -0.0196623818
-0.0115392170, 0.0207814671
-0.0095599056, 0.0238419696
-0.0023863508, -0.0004360379
-0.0041443678, 0.0030916504
-0.0047482282, 0.0157423344
-0.0043395330, 0.0153287766
-0.0049691862, -0.0034127611
-0.0032096389, -0.0131946491
-0.0051775452, 0.0037630529
-0.0056052111, 0.0175462758
-0.0032649841, 0.0124014123
-0.0031286744, 0.0016139639
-0.0040479191, 0.0146073249
-0.0010438137, 0.0312240824
-0.0010321057, 0.0299219304
-0.0022615199, 0.0102850967
0.0006624038, -0.0099834800
0.0024547525, 0.0001027503
0.0027083631, -0.0044794403
0.0015751490, -0.0162462382
0.0009801389, -0.0174031916
0.0023403701, -0.0129729300
0.0011444975, 0.0055859135
0.0005148968, -0.0024968754
0.0022865991, -0.0065368091
-0.0006105286, -0.0075164558
-0.0004569359, -0.0084640852
0.0023141367, -0.0015542927
0.0003688392, -0.0032872995
0.0034095586, 0.0020451337
0.0045937060, 0.0030190657
0.0008919642, 0.0030222970
0.0003967399, -0.0047788680
-0.0000758871, -0.0078780309
-0.0027879458, -0.0002971929
-0.0016175520, 0.0133573379
0.0018298351, 0.0134572625
0.0017988893, 0.0027808750
0.0034520769, -0.0039855453
0.0028669251, -0.0099666572
0.0001027844, -0.0032722954
0.0002378912, -0.0025791689
-0.0001427873, -0.0029375997
-0.0003438123, 0.0061031365
-0.0001325640, 0.0097143346
-0.0020234055, 0.0076420265
-0.0038082271, 0.0033644667
-0.0034322233, -0.0070672091
-0.0030307953, -0.0021016605
-0.0013186623, 0.0016389306
-0.0004923078, -0.0013040479
-0.0025682106, 0.0014867093
-0.0024276533, 0.0025049090
-0.0011210056, 0.0032343149
-0.0000612298, -0.0024165851
0.0010050640, -0.0036983519
0.0005555367, -0.0056617764
-0.0008704702, 0.0031132518
0.0000667478, 0.0043730239
0.0012534070, -0.0029024651
0.0016303670, 0.0004241320
0.0008388833, -0.0039054587
0.0011578037, 0.0016796360
0.0015189524, 0.0063134956
0.0002195313, 0.0087957892
-0.0009500486, 0.0136353197
-0.0014326727, 0.0066450622
-0.0023536630, -0.0038282554
-0.0011425365, -0.0127482818
0.0018448161, -0.0161663135
0.0030324196, -0.0108585699
0.0029557531, -0.0004865489
0.0018807426, -0.0017509905
0.0003679311, -0.0027520704
-0.0007606985, -0.0007508988
-0.0005606194, -0.0087832890
-0.0024352194, -0.0066275527
-0.0024088573, -0.0046265068
-0.0024488837, -0.0026210000
-0.0011297818, 0.0030744548
0.0016823450, 0.0025141997
0.0000419323, 0.0029542978
0.0003389788, 0.0005480399
0.0017639764, -0.0006237973
0.0009936013, -0.0021088715
0.0000140698, -0.0027519459
0.0000004089, -0.0017178791
0.0009200021, -0.0024076912
0.0012851626, -0.0023670696
0.0007239891, -0.0043759504
0.0007965270, -0.0029111704
0.0012326428, -0.0015384164
0.0005527606, -0.0018559986
0.0000803586, 0.0004358393
0.0004769734, 0.0001739840
0.0005979980, -0.0003102850
0.0005287038, -0.0002624094
0.0005075304, -0.0015451017
0.0005035220, -0.0016926895
0.0004671174, -0.0019451506
0.0004126056, -0.0021294762
0.0004102529, -0.0011373429
0.0003808228, -0.0006348784
0.0002386799, -0.0003683131
0.0001944230, -0.0000269579
0.0001959756, -0.0001263845
0.0001281809, -0.0002350509
0.0001095641, -0.0004057746
0.0001015634, -0.0003846881
0.0000949260, -0.0001244981
0.0000645611, -0.0000786877
0.0000280382, -0.0000492172
0.0000112393, -0.0000280928
