0.0000000000, 0.0000000000
0.0000000000, 0.0000000000
0.0000000000, 0.0000000000
0.0000000000, 0.0000000000
0.0000000000, 0.0000000000
0.0000000000, 0.0000000000
0.0000000280, 0.0000000292
0.0000000227, -0.0000000645
0.0000002457, 0.0000006278
0.0000001695, -0.0000016630
-0.0000147889, -0.0000089171
-0.0000397210, -0.0000253358
-0.0001922382, -0.0001831745
-0.0004975167, -0.0002538257
-0.0006767633, -0.0005553178
-0.0014590453, -0.0010797360
-0.0012354331, -0.0008674810
-0.0029156540, -0.0011242976
-0.0022677186, -0.0019101328
-0.0024079679, -0.0031393528
-0.0031335496, -0.0009348106
-0.0028943693, -0.0024063167
-0.0036007520, -0.0024493255
-0.0038847625, -0.0020769985
-0.0039258594, -0.0048727741
-0.0032599380, 0.0012905530
-0.0033624222, -0.0091316718
-0.0043605594, 0.0017087313
-0.0037176587, -0.0088095633
-0.0041847825, 0.0153416464
-0.0036141214, 0.0820107795
-0.0038322184, 0.9193066583
-0.0045001998, 0.6704225695
-0.0045874627, -0.1787145849
-0.0026199265, 0.4108005730
-0.0050930806, -0.5025900385
-0.0038775843, -0.9071561843
-0.0043596354, -0.4166246380
-0.0026133430, -0.6679909557
-0.0036598476, 0.0335422146
0.0545001290, 0.9416556838
0.2916406926, 0.3534630591
0.1882747689, -0.4560255918
0.0385705924, -0.0533709118
0.1380638827, 0.0994084435
-0.1059584716, -0.2599804955
-0.1777855243, -0.3932572406
-0.0949788439, -0.2060194202
-0.1992115077, 0.1873758170
-0.1778952526, 0.0919383263
0.0253594776, 0.0563962211
0.1582619093, 0.1225487784
-0.0088366515, 0.0878462007
-0.0654633512, 0.1446140739
0.0605162235, -0.0540052988
-0.0456563499, -0.3286836650
-0.1236864612, -0.2649758993
-0.0189698946, -0.0387809479
0.0223169212, 0.0107161033
-0.0056691304, -0.1047845236
-0.0360447783, -0.0668286029
0.0050949689, 0.1598769988
0.0366903202, 0.0274579734
-0.0393179405, -0.0010600781
-0.0471726089, 0.1102446734
-0.0098364921, -0.1665025226
-0.0436730513, -0.1705929820
-0.0597383893, 0.0682273652
-0.0013884023, 0.0274729624
0.0073781103, -0.0360000483
-0.0319518949, 0.0472437636
-0.0175207102, 0.0451818186
0.0120186737, -0.0027592649
-0.0082003430, -0.0014046681
-0.0507657329, 0.0006531197
-0.0476161097, 0.0228951637
-0.0281134889, -0.0080808011
-0.0371193488, 0.0231790997
-0.0345084641, 0.0315582049
-0.0100262926, -0.0362439696
-0.0048468033, 0.0148379115
-0.0124351627, 0.0409200223
0.0012976925, -0.0330430204
0.0056536830, -0.0236697747
-0.0146052604, 0.0045535134
-0.0226059075, 0.0051197427
-0.0095912307, 0.0075268084
-0.0036461846, 0.0110173386
-0.0075993105, 0.0214713392
0.0028338150, 0.0075747550
0.0095300579, 0.0135660066
0.0042644870, 0.0215668216
0.0034059791, -0.0182515467
0.0034218261, -0.0351126088
-0.0017544536, -0.0065854823
-0.0046436260, 0.0042539466
-0.0048410099, -0.0096620247
-0.0024829110, 0.0021104797
0.0039594453, 0.0039850393
0.0025079836, -0.0088717951
-0.0008293073, -0.0062557142
0.0019812684, 0.0000485443
-0.0027804474, 0.0060190158
-0.0070222252, 0.0014506175
0.0017085158, 0.0035372514
0.0050023854, 0.0096867262
-0.0010775357, -0.0012291613
0.0044503603, 0.0055737927
0.0055418891, 0.0192965520
0.0016480420, 0.0088104374
0.0043008255, 0.0017391467
0.0017809968, 0.0001574278
-0.0038398380, -0.0056070293
-0.0012385464, -0.0147388661
0.0000923952, -0.0107394913
-0.0011902432, 0.0080954389
0.0016155442, 0.0055379775
0.0027263608, -0.0029427786
0.0015035456, 0.0042982910
0.0022212804, 0.0020261310
0.0021480821, -0.0074727003
-0.0012435129, 0.0013144496
0.0005972670, 0.0049760140
-0.0021828497, -0.0031495955
-0.0013207188, 0.0039285761
0.0065320409, -0.0000528748
0.0057647584, -0.0125308673
-0.0010557993, -0.0025784560
-0.0011817174, 0.0023659881
-0.0015134904, 0.0011208797
-0.0036847878, 0.0045200630
-0.0022302603, -0.0004247481
-0.0035232948, -0.0019269932
-0.0097346527, -0.0031072003
-0.0086236972, -0.0008195611
-0.0028524839, 0.0045649565
-0.0033018996, 0.0013429306
0.0013875814, 0.0022015582
0.0054750441, 0.0035566370
-0.0006884533, 0.0046441278
0.0041582816, 0.0029791201
0.0062671639, 0.0034176172
-0.0041548715, 0.0094530923
-0.0015452235, 0.0071234865
0.0033133245, 0.0100084713
-0.0036908617, 0.0076139873
-0.0007944794, -0.0003434078
0.0038459335, -0.0068214029
0.0016387367, -0.0089866385
0.0003740478, -0.0093302999
0.0021488095, -0.0089091678
-0.0010218781, -0.0009249238
0.0002680159, 0.0032380002
0.0029881490, 0.0032013241
0.0016051012, 0.0020337805
0.0028941944, -0.0020775000
-0.0003482268, 0.0010295218
-0.0031411762, 0.0018147449
0.0008756307, -0.0026257413
0.0004641579, -0.0031320921
-0.0020922592, -0.0055446280
0.0003979674, -0.0027838272
0.0023869663, 0.0006801499
-0.0004641699, -0.0025942937
-0.0029311807, -0.0003175165
-0.0012285647, 0.0048790485
-0.0033696028, 0.0033344896
-0.0022588487, 0.0059521850
0.0000590595, 0.0046195369
-0.0012735630, -0.0016796461
0.0001469110, -0.0036353699
0.0007141932, -0.0068525306
0.0001482896, -0.0062526488
-0.0007923156, -0.0028877927
-0.0043505483, -0.0039705732
-0.0039915099, -0.0018456434
0.0002730792, 0.0024108014
0.0007673543, 0.0034134247
-0.0002030629, 0.0035510501
0.0016717115, 0.0038757471
0.0025212371, 0.0007906379
0.0008891169, 0.0001224839
-0.0001634853, -0.0019836964
-0.0000580036, -0.0056136197
-0.0002575694, -0.0031545411
0.0002970850, -0.0001619750
0.0016780980, -0.0025005660
0.0015013287, -0.0049146090
0.0013465688, -0.0013064294
0.0014750486, 0.0015201333
0.0000467554, 0.0003016203
-0.0007438807, 0.0003430836
-0.0001626753, -0.0004696093
-0.0005710521, -0.0010162513
-0.0009635725, -0.0000212628
0.0000071323, -0.0012773025
0.0003260930, -0.0014880082
0.0000921694, 0.0006047782
0.0003764416, 0.0009232331
0.0003229849, -0.0000923695
