0.0000000000, 0.0000000000
0.0000000000, 0.0000000000
0.0000000000, 0.0000000000
0.0000000000, 0.0000000000
0.0000000035, -0.0000000005
0.0000000778, 0.0000000799
0.0000001619, 0.0000001017
0.0000000208, -0.0000002630
-0.0000012794, 0.0000028495
-0.0000513012, -0.0000569953
-0.0001365955, -0.0000630790
-0.0003748338, -0.0003094592
-0.0008001345, -0.0004852279
-0.0010794165, -0.0008093895
-0.0016692163, -0.0011698699
-0.0025264301, -0.0009794934
-0.0023568993, -0.0019547970
-0.0031670132, -0.0018442592
-0.0036721555, -0.0016651215
-0.0032862341, -0.0011966494
-0.0040945132, -0.0035143121
-0.0035512201, -0.0010691710
-0.0038173320, -0.0046779849
-0.0042994363, 0.0008965862
-0.0036406141, -0.0053955550
-0.0035316136, -0.0010143633
-0.0040586434, -0.0077268694
-0.0047967747, 0.0063957066
-0.0040810698, -0.0065245397
-0.0040325780, 0.1379994869
-0.0042331695, 0.9865634946
-0.0043090873, 0.5668854172
-0.0038491936, 0.0515975583
-0.0038642275, 0.1500023848
-0.0046847485, -0.6812743647
-0.0047648482, -0.7100861226
-0.0038109395, -0.6542603480
-0.0040227438, -0.5006814127
-0.0044121893, 0.3638720742
-0.0030215069, 0.7529452012
-0.0058400591, 0.1532421434
-0.0018820659, -0.3126406373
0.0032032293, -0.0997841865
0.1701528493, -0.0184328469
0.2092282566, -0.1131805004
0.0497743572, -0.3070219784
0.1289080584, -0.1949584250
0.0202959997, 0.1229397925
-0.1305109646, 0.0324055559
-0.0778356988, 0.0528578266
-0.1405746973, 0.1786958662
-0.1829183778, 0.0703075053
-0.0787768980, 0.0516911516
0.0826331235, -0.0486583590
0.0394188148, -0.3188573077
-0.0518919314, -0.2424484550
0.0295005580, 0.0176136957
0.0228357710, -0.0717840228
-0.0704686759, -0.0072312215
-0.0454468752, -0.0133400374
0.0226970043, -0.0680583515
0.0123140519, 0.2339956972
-0.0353081406, 0.0726695701
-0.0260573678, -0.1592371065
0.0062176932, -0.0648996699
-0.0209500871, -0.0286348867
-0.0539381045, 0.0387831073
-0.0267297735, 0.0298063757
-0.0120049898, -0.0589124056
-0.0374149676, 0.0374918289
-0.0256064793, 0.0610958470
-0.0096017745, -0.0440547595
-0.0421004238, -0.0277545131
-0.0471998762, -0.0216696407
-0.0203517111, 0.0775451082
-0.0121390805, 0.1083148904
-0.0203400769, -0.0367817052
-0.0249224842, -0.0376698009
-0.0100934562, 0.0345959011
-0.0110318073, 0.0163346925
-0.0297284075, 0.0047757941
-0.0229118527, -0.0299539724
-0.0167014664, -0.0127175998
-0.0266057954, 0.0407383021
-0.0211994388, 0.0066620924
-0.0036561489, -0.0142440302
-0.0025297499, 0.0031061499
-0.0029440151, 0.0150174506
0.0046398632, 0.0344976114
0.0058559773, -0.0049789703
0.0042447458, -0.0538419617
0.0036170473, -0.0136190689
0.0052923244, 0.0044821429
-0.0002042891, -0.0014052822
-0.0078818510, 0.0021356307
-0.0065326108, -0.0090963955
-0.0045966845, 0.0161331297
-0.0110876766, 0.0273907892
-0.0069700870, -0.0092529987
0.0011158440, -0.0188677760
0.0010193914, -0.0002874441
0.0007566040, 0.0139273132
-0.0006616398, 0.0150363505
0.0018167645, -0.0009295527
-0.0007802050, 0.0104937657
-0.0028517283, 0.0366539825
0.0010257910, 0.0214034491
0.0018629911, -0.0036454439
0.0001274239, -0.0002364738
0.0029533912, -0.0050681891
0.0050029563, -0.0021005704
0.0027433976, 0.0010528463
0.0035129539, -0.0122021617
0.0045005423, 0.0007976576
-0.0012746454, 0.0101932836
-0.0025648903, 0.0048248574
0.0010718837, 0.0021424315
-0.0003938500, -0.0015917659
0.0003824412, -0.0035251787
0.0034561184, -0.0026209114
0.0032696128, -0.0093836896
0.0036676846, -0.0126428439
0.0013090525, -0.0046138359
0.0006015346, -0.0016402322
0.0021285210, -0.0001393361
-0.0022997277, -0.0030817517
-0.0039168083, 0.0001054114
-0.0010414409, 0.0131680761
0.0022977072, 0.0200303683
0.0022772766, 0.0039733930
0.0021698641, -0.0085749245
0.0024011658, -0.0045761742
-0.0001362546, -0.0044195799
-0.0009215574, -0.0048561574
-0.0012481825, -0.0018614383
-0.0057363552, 0.0045761247
-0.0091326984, 0.0046612640
-0.0054987047, 0.0038840949
-0.0063444005, -0.0047150659
-0.0062611217, -0.0103598648
-0.0016634839, -0.0021269894
0.0007248399, -0.0017969834
0.0076578224, -0.0082823743
0.0044672910, -0.0025658839
-0.0008519299, 0.0079324048
0.0035697353, 0.0035189992
0.0024412325, 0.0010533765
-0.0026915158, -0.0013171039
-0.0044163390, 0.0018985117
-0.0033560340, 0.0145121039
-0.0021503956, 0.0110906387
-0.0032741180, -0.0001053319
-0.0017197276, -0.0089612220
0.0037815815, -0.0098357488
0.0055462375, -0.0034513040
0.0037869338, -0.0023870222
0.0013141481, 0.0008930424
0.0008226940, 0.0067879012
-0.0013322393, 0.0024374343
-0.0044920014, -0.0086063526
-0.0049539159, -0.0152371488
-0.0007509956, -0.0154219540
0.0007997247, -0.0071384216
0.0003010846, 0.0012659387
0.0032071818, -0.0019743379
0.0015393343, 0.0012881589
-0.0005483581, 0.0051103186
-0.0018524592, 0.0004580584
-0.0025957819, -0.0037664440
-0.0001780348, -0.0064115187
0.0009709878, -0.0047733898
-0.0006641727, -0.0003178746
0.0011135183, 0.0021230322
0.0022652952, -0.0007816595
0.0008150776, 0.0015570040
0.0000719368, 0.0013546887
-0.0024409580, -0.0018156120
-0.0026789310, -0.0003878213
-0.0009728071, -0.0025035617
-0.0016797937, -0.0019987170
-0.0008374551, -0.0014254160
0.0002627724, -0.0034916974
-0.0003080274, -0.0025516706
0.0003612846, -0.0014843531
-0.0000901690, 0.0001336785
-0.0005320414, 0.0016344517
0.0000618705, 0.0008289116
0.0003349290, -0.0000979334
0.0002641876, -0.0007553497
0.0005885022, -0.0020449926
0.0006785049, -0.0026898678
0.0004461544, -0.0024397670
0.0004570516, -0.0018670363
0.0001885631, -0.0009185441
0.0000591783, -0.0003965565
0.0000241344, -0.0000723768
-0.0000723200, 0.0002501144
0.0000262045, 0.0001272537
0.0000747852, -0.0001139185
0.0000283435, -0.0003218758
