0.0000000000, 0.0000000000
0.0000000000, 0.0000000000
0.0000000000, 0.0000000000
0.0000000000, 0.0000000000
0.0000000000, 0.0000000000
0.0000000000, 0.0000000000
0.0000000000, 0.0000000000
0.0000000000, 0.0000000000
0.0000000000, 0.0000000000
0.0000000000, 0.0000000000
0.0000000000, 0.0000000000
0.0000001576, 0.0000001058
-0.0000004201, -0.0000001500
0.0000021942, 0.0000011039
-0.0000076619, -0.0000031059
-0.0000400968, -0.0000447384
-0.0000691302, -0.0000468100
-0.0005203197, -0.0005286159
-0.0004447893, -0.0001565155
-0.0012786960, -0.0012503552
-0.0021090733, -0.0005456577
-0.0015292242, -0.0010076649
-0.0031798292, -0.0024010657
-0.0033916408, -0.0016478597
-0.0026987910, -0.0032749598
-0.0039868007, -0.0018644268
-0.0030365647, -0.0032985520
-0.0025190995, -0.0021494200
-0.0056608515, -0.0047438674
-0.0018303627, -0.0005155858
-0.0065627534, -0.0066963387
-0.0019342331, -0.0014384719
-0.0105538303, -0.0089549094
0.0138812626, 0.0135350531
-0.0104318008, -0.0156430617
0.4157613380, 0.3923134413
0.5362949591, 0.6683853468
-0.0616460422, -0.0973053509
0.2149598302, 0.2532918407
-0.1011737481, 0.2637728307
-0.5594194661, -0.6854842013
-0.1139700338, -0.2887329471
-0.3051353337, -0.3641792404
-0.3709987941, -0.5742963398
0.0998668033, 0.2514551077
0.4014644969, 0.5686703107
0.0643745132, -0.1357451232
-0.1745176730, -0.1804214968
0.1505053589, 0.2681881597
-0.0155687570, -0.0137171757
-0.3309929461, -0.3614946028
-0.1027435999, -0.2027141919
0.0502265652, 0.0218076039
-0.0057212240, 0.0146571931
-0.0133598930, 0.0371864878
0.0836584133, 0.1069883135
0.1254424740, 0.0135271672
-0.0315154097, -0.0221133089
-0.0870768333, 0.1331290976
-0.0170982232, -0.1025314210
-0.0837546384, -0.2881519589
-0.1247838013, -0.0389748536
0.0029790636, 0.0655191814
0.0311881947, -0.0846610128
-0.0727389395, -0.0952678087
-0.0332604181, 0.0428693434
0.0462579959, 0.0607005614
-0.0011573008, -0.0061253966
-0.0370440116, -0.0036209509
-0.0353286828, -0.0520691006
-0.0277728590, -0.0911699614
-0.0360094119, 0.0066432371
-0.0148339378, 0.0183649105
0.0279528469, -0.0677180133
0.0218195830, -0.0112645544
-0.0037783268, 0.0805498299
0.0177217286, 0.0231854357
0.0237226235, -0.0294106566
-0.0210688414, -0.0012062580
-0.0172346493, 0.0295391631
-0.0003931463, 0.0046291996
-0.0177653881, -0.0223019097
-0.0161024295, -0.0127973557
-0.0024497724, -0.0113947164
-0.0039708022, -0.0035837360
0.0024836090, 0.0241304794
0.0069188867, -0.0119522014
0.0046419041, -0.0353756269
-0.0011444503, 0.0148176433
-0.0011868659, 0.0249736729
0.0003468484, -0.0157856438
0.0060239680, -0.0136407543
0.0064733246, 0.0088446975
-0.0011010507, 0.0003667880
0.0029757121, -0.0005717883
0.0026042014, -0.0010325485
-0.0026418669, -0.0034561688
-0.0058182866, 0.0037542479
-0.0046734560, 0.0127067319
0.0016644465, 0.0013196761
0.0003140191, -0.0013996408
0.0018674423, -0.0000052792
0.0093299013, 0.0102755982
0.0036356493, 0.0106355127
0.0031420087, -0.0206134805
0.0000437412, -0.0071907275
-0.0076728730, 0.0109048099
-0.0032916921, -0.0088968649
0.0024027796, 0.0015040130
-0.0008041425, 0.0084410329
-0.0029998580, -0.0044537776
0.0071771117, 0.0067340712
0.0049914291, 0.0146511296
-0.0052106721, -0.0051309101
-0.0012642766, -0.0075423275
0.0005414296, 0.0149864291
-0.0019684282, 0.0041653041
0.0024747289, -0.0068590830
0.0040567791, 0.0027011042
0.0029727741, 0.0019819573
0.0044316958, -0.0018681712
0.0044120337, 0.0053811990
0.0035821844, 0.0015616640
-0.0019179398, -0.0056607408
-0.0037025201, 0.0022771839
-0.0023900782, 0.0004324446
-0.0045225812, -0.0099927066
-0.0045748702, -0.0053747221
-0.0052537384, 0.0027061812
-0.0005396123, -0.0018215848
-0.0008105073, -0.0045262060
-0.0007552881, 0.0003364252
0.0070012935, 0.0085884006
0.0028092233, 0.0079628984
-0.0075466830, 0.0015002155
-0.0028245552, -0.0043183521
0.0049984044, -0.0042456662
-0.0021889642, -0.0089039408
-0.0126041691, -0.0130170041
-0.0133597744, -0.0079548438
-0.0027349549, 0.0004777215
-0.0003019807, 0.0123580281
-0.0017661020, 0.0093028197
0.0053103780, 0.0012773321
0.0086175598, 0.0042653749
0.0095191995, 0.0059546932
0.0065541563, -0.0010726602
-0.0009977392, -0.0066867328
-0.0043863939, -0.0087338696
0.0022735225, -0.0030184914
0.0036456051, 0.0066506731
-0.0067226044, -0.0009346335
-0.0094127093, -0.0042472138
-0.0063239984, 0.0042731427
-0.0027983759, 0.0033580984
-0.0026375602, 0.0053569599
-0.0023974968, 0.0025388931
-0.0029641436, -0.0080547478
-0.0068762684, -0.0013767108
-0.0025542305, 0.0075197852
-0.0016532858, -0.0054106112
-0.0048083802, -0.0083270877
0.0007948759, -0.0005735717
-0.0007482425, -0.0008007691
-0.0008083664, 0.0035778200
0.0026842450, -0.0003652360
-0.0032042601, -0.0057077978
-0.0011774432, -0.0011321164
0.0008207836, -0.0024571334
-0.0078720549, -0.0033434791
-0.0084235473, -0.0025089007
-0.0048153611, -0.0007270745
-0.0066532296, 0.0033670622
-0.0021249042, -0.0008779209
0.0006376366, -0.0055919304
-0.0007222929, -0.0023513443
0.0006874507, -0.0003643783
0.0019701432, -0.0017916867
0.0000317127, 0.0011428717
-0.0013149107, 0.0011859403
0.0004153488, -0.0013984659
-0.0014249660, -0.0004585743
-0.0016665117, -0.0004187892
-0.0010082073, -0.0032160453
-0.0024789873, -0.0031081952
-0.0014642040, -0.0011801700
-0.0016681591, -0.0014293983
-0.0022266842, -0.0007065364
-0.0004613342, -0.0011011586
-0.0007769252, -0.0027860016
-0.0011232006, -0.0014726622
0.0004923426, 0.0007324196
-0.0002810192, -0.0003447140
-0.0008220254, 0.0003166625
0.0005871047, 0.0013984699
-0.0006662672, -0.0002827492
-0.0017008058, 0.0003255675
-0.0005189881, -0.0005979850
-0.0002887618, -0.0019351408
-0.0005604890, -0.0002467797
