0.0000000000, 0.0000000000
0.0000000000, 0.0000000000
0.0000000000, 0.0000000000
0.0000000000, 0.0000000000
0.0000000000, 0.0000000000
0.0000000098, -0.0000000045
0.0000002568, 0.0000004344
-0.0000004492, -0.0000015823
0.0000030598, 0.0000062564
-0.0000231844, -0.0000279912
-0.0000739396, -0.0000756531
-0.0002782734, -0.0001128110
-0.0005884887, -0.0005031434
-0.0007793921, -0.0006331828
-0.0015548758, -0.0011100935
-0.0014360333, -0.0013889785
-0.0023512692, -0.0012771027
-0.0033291410, -0.0026153484
-0.0023534355, -0.0020547233
-0.0039701214, -0.0021801409
-0.0025371177, -0.0026691876
-0.0038801949, -0.0041105829
-0.0032796258, -0.0024686182
-0.0046166636, -0.0029899029
-0.0009546092, -0.0032605687
-0.0067821091, -0.0041221960
-0.0025718053, -0.0035073903
-0.0095111802, -0.0026220139
0.0142093858, -0.0037898084
-0.0156978384, -0.0036717295
0.5343051367, -0.0024227598
0.9673241507, -0.0035140237
-0.0802978634, -0.0034421009
0.0981501146, -0.0037280918
-0.3389125106, -0.0042576038
-0.9150089273, -0.0031298322
-0.0951162139, -0.0028752355
-0.5983235617, -0.0041528020
-0.3124233050, -0.0006540159
0.6550405805, -0.0030540859
0.5473316484, 0.0909557294
-0.1178311275, 0.3201239147
-0.1365930163, 0.1661160651
0.0418128675, 0.0213609014
-0.2881418345, 0.2218440711
-0.2832169078, -0.0605562840
-0.0996593274, -0.2444864244
0.0195087908, -0.1326823859
0.1188721617, -0.2774169358
0.0113049631, -0.1608783735
0.0728526819, 0.1887039642
0.1650392845, 0.1199411243
-0.0277217763, -0.1306403652
0.0582313635, 0.0249530704
0.0133774640, 0.0831264856
-0.3316781369, -0.1166625640
-0.0604610224, -0.1507892002
0.0087677616, -0.0199567473
-0.0978823792, 0.0266846246
-0.0301902903, 0.0067679712
-0.0665041953, 0.0131805590
-0.0147207680, -0.0005145038
0.0245809169, -0.0341738640
0.0235476458, 0.0184805816
0.0460122950, 0.0060613153
0.0667192312, -0.1164368674
-0.0768426201, -0.0797335751
-0.1082949303, 0.0156849023
0.0380658136, 0.0088937620
0.0362079031, -0.0458561790
-0.0118127404, -0.0254700327
0.0239040353, 0.0231798917
0.0044991174, 0.0008757253
0.0242998637, -0.0296751706
0.0344597825, -0.0421952420
-0.0196994883, -0.0588663292
0.0017987234, -0.0380356269
0.0145413820, -0.0049579501
-0.0094696254, -0.0343318264
0.0200667019, -0.0467314800
-0.0083114290, 0.0046441548
-0.0194486225, 0.0105336849
0.0218616223, -0.0243457262
0.0028713183, -0.0297654587
-0.0201607856, -0.0071092211
-0.0065392814, -0.0017182406
-0.0045628710, -0.0118621366
0.0047951809, -0.0094835651
0.0111591677, -0.0064424861
-0.0039356271, 0.0035174569
0.0123060723, 0.0178574745
0.0194695689, 0.0087226609
0.0084120503, -0.0124327689
0.0089744757, 0.0019973820
0.0074422600, 0.0159696477
-0.0140687484, -0.0044821271
-0.0064996115, -0.0188876160
-0.0065479910, -0.0051379717
-0.0082594855, 0.0057426618
0.0001329792, -0.0010595890
-0.0014678732, -0.0009026596
-0.0031856707, -0.0003828861
0.0012139357, 0.0014103096
0.0032222409, 0.0044643956
0.0000870528, 0.0026868795
0.0065093569, -0.0086060357
0.0077211607, -0.0068678506
-0.0031053611, 0.0051356024
0.0004686442, 0.0028332720
-0.0001715115, -0.0013085736
0.0056377495, -0.0005431947
0.0013982173, 0.0080090128
-0.0011293820, 0.0075136647
0.0098582895, 0.0019263051
0.0017603242, -0.0018060576
-0.0004403491, 0.0012705472
-0.0008028983, 0.0032722957
-0.0065763233, 0.0034288035
-0.0063714854, 0.0000299469
0.0019459768, -0.0016343485
-0.0043463786, 0.0008571442
-0.0052903150, 0.0021567903
0.0021911276, 0.0011405277
-0.0003311121, -0.0014690054
0.0051308305, 0.0017910937
0.0034114202, 0.0018165416
-0.0063984905, 0.0041104676
-0.0028260190, 0.0002125722
-0.0016545461, -0.0018759234
-0.0038269549, 0.0034635407
-0.0129856437, 0.0031841913
-0.0061914777, 0.0001000938
0.0011881971, -0.0042845694
-0.0003568868, 0.0000092683
0.0025924887, -0.0019100323
-0.0021055843, -0.0090966795
0.0015091685, -0.0039082772
0.0057226109, -0.0022275989
0.0039117012, -0.0049160687
0.0062536408, -0.0034172445
0.0032019753, -0.0030484369
0.0029419467, -0.0018033880
-0.0014802739, 0.0066290764
-0.0062124170, 0.0049098284
-0.0032018167, -0.0020838635
-0.0100431840, -0.0039871378
-0.0040472469, 0.0022567286
0.0004232484, 0.0038259071
-0.0061614236, -0.0017781955
-0.0009773208, 0.0023281626
-0.0022179371, 0.0043486747
0.0028569201, 0.0044211436
-0.0061284816, 0.0047328517
-0.0100401722, -0.0018308948
-0.0054484950, 0.0001759755
-0.0070042535, 0.0057628545
0.0006151227, 0.0056779182
-0.0018879656, -0.0005595447
-0.0008050821, -0.0057715909
-0.0004704321, -0.0004792714
-0.0033269028, 0.0051929102
-0.0054118063, 0.0018714258
-0.0083584496, -0.0017320560
-0.0052209910, -0.0013341999
-0.0048585306, 0.0019915352
-0.0024705466, 0.0008121608
-0.0011310074, -0.0008258448
-0.0038593932, -0.0012341524
0.0009601934, -0.0007017820
0.0010885046, 0.0014595276
-0.0018588689, -0.0013921225
0.0007343341, -0.0030692067
0.0009461101, -0.0027011454
-0.0022219774, -0.0033719971
-0.0018881634, -0.0049516287
-0.0001088771, -0.0043753555
0.0000116256, 0.0000743241
-0.0024206317, 0.0023360273
-0.0024798582, 0.0033842635
-0.0028576577, 0.0047049674
-0.0041327025, 0.0039420409
-0.0044921145, 0.0021071266
-0.0034947197, 0.0011183471
-0.0019747816, -0.0006146461
-0.0033619719, -0.0011789678
-0.0008780442, -0.0001294151
-0.0003975260, 0.0011655409
-0.0000005539, 0.0011475181
0.0023218373, 0.0006797411
0.0017299112, 0.0011470804
0.0007848055, 0.0008124945
-0.0004386282, 0.0000018381
-0.0004352885, -0.0007468775
-0.0020981132, -0.0006513011
-0.0024854195, -0.0000301948
-0.0009956491, 0.0000280179
-0.0006928150, 0.0000784624
0.0002779201, 0.0002748555
0.0002422549, 0.0003612517
0.0001283928, 0.0002754706
