0.0000000000, 0.0000000000
0.0000000000, 0.0000000000
0.0000000000, 0.0000000000
0.0000000000, 0.0000000000
0.0000000000, 0.0000000000
0.0000000000, 0.0000000000
0.0000000000, 0.0000000000
0.0000000281, 0.0000000254
0.0000000205, 0.0000000791
0.0000007876, 0.0000001763
-0.0000032396, -0.0000006265
-0.0000017599, -0.0000131442
-0.0000926538, -0.0000650157
-0.0002141081, -0.0001761372
-0.0003271484, -0.0002434122
-0.0012963642, -0.0005803436
-0.0011606584, -0.0014064125
-0.0017189670, -0.0012590951
-0.0027504660, -0.0011686298
-0.0023829545, -0.0021055359
-0.0032419739, -0.0019737117
-0.0025612945, -0.0018434102
-0.0044169139, -0.0024140172
-0.0033831250, -0.0024457573
-0.0034620882, -0.0024879590
-0.0037503901, -0.0031319510
-0.0032555768, -0.0006204477
-0.0033134889, -0.0077271501
-0.0034680109, 0.0000349060
-0.0038285361, -0.0038403267
-0.0033539382, 0.0068841129
-0.0042182531, 0.1336468768
-0.0034323803, 0.9640158178
-0.0049046285, 0.4964758758
-0.0035078650, -0.2211546059
-0.0042046631, 0.5267396430
-0.0038924811, -0.6190456654
-0.0038340823, -0.8494098160
-0.0011032642, -0.3024346306
0.0315202341, -0.7030652582
0.2962225763, 0.0790678372
0.2640603570, 0.9488765490
0.0224385755, 0.2445316827
0.1514126130, -0.5093241451
-0.0892490431, 0.0372303963
-0.2303583517, 0.1082320391
-0.1020663718, -0.3205243945
-0.2082946564, -0.3882526947
-0.2010745897, -0.0934408009
0.0068869799, 0.2146459756
0.1909623270, 0.0439558295
0.0315373780, 0.0509153110
-0.0902240612, 0.1229165438
0.0593418779, 0.0452664928
-0.0291388448, 0.1092122979
-0.1632782349, -0.0218055049
-0.0451697980, -0.3328440196
0.0430366570, -0.2504407286
0.0044834422, 0.0361359003
-0.0324659845, -0.0089170372
-0.0058273487, -0.1426888195
0.0367474958, -0.0418078508
-0.0266123135, 0.1775773350
-0.0577803623, -0.0299733661
-0.0022433612, -0.0161243079
-0.0368245591, 0.1366934154
-0.0721616926, -0.1834687146
-0.0085557855, -0.1584576694
0.0157939364, 0.0877877174
-0.0311032671, 0.0044033251
-0.0192689484, -0.0372887921
0.0161341788, 0.0690661303
0.0060225435, 0.0470715293
-0.0339394793, -0.0066325236
-0.0478661730, 0.0000109373
-0.0283136959, 0.0245556074
-0.0427508165, 0.0328978616
-0.0477108935, -0.0233609118
-0.0126339811, 0.0250469765
-0.0049721851, 0.0125388639
-0.0120340829, -0.0488418612
0.0083305226, 0.0232808614
0.0142246491, 0.0322502871
-0.0130435163, -0.0371630651
-0.0228564055, -0.0096217670
-0.0114935526, 0.0124928545
-0.0052496017, 0.0016782688
-0.0096843223, 0.0035625915
-0.0133023595, 0.0033599998
0.0044565746, 0.0166271961
0.0142372467, -0.0133509268
0.0004506830, -0.0094171109
0.0013519118, 0.0145147961
0.0082798044, -0.0150188057
-0.0009260137, -0.0140947317
-0.0024186520, 0.0070525512
0.0048115268, 0.0025925837
0.0000845784, -0.0087038952
-0.0029290255, 0.0047908704
0.0017599133, 0.0063983717
0.0058024151, -0.0013377019
0.0027854200, -0.0010749711
-0.0027395334, 0.0023773480
0.0044861385, 0.0071425093
0.0016610767, -0.0016601279
-0.0050407665, 0.0046892289
0.0026717976, 0.0129280893
0.0038525127, -0.0013885253
-0.0017796046, 0.0074583041
0.0015613670, 0.0146086255
-0.0006552313, 0.0000360539
-0.0018188826, 0.0066631417
0.0005046029, 0.0088242696
-0.0008985527, -0.0060323267
-0.0020336224, -0.0104093284
-0.0015947722, -0.0034282742
-0.0006065187, 0.0140121890
0.0022491543, 0.0108735769
0.0023452246, -0.0056848266
-0.0005651121, 0.0023117240
0.0001815330, -0.0001296017
0.0015025180, -0.0108654728
-0.0007636967, -0.0036536149
0.0000635852, -0.0031893571
0.0068127591, -0.0109493406
0.0079220972, 0.0035815045
0.0044913993, 0.0001197231
0.0015090025, -0.0140098102
-0.0019448196, -0.0021708283
-0.0039475436, 0.0036962149
-0.0022873153, 0.0028529184
-0.0026303224, 0.0065645198
-0.0114411812, 0.0011548506
-0.0076483119, 0.0001335948
-0.0008210174, 0.0028863059
-0.0002943770, 0.0024988559
0.0022017591, 0.0029100699
0.0071028179, -0.0012822786
0.0036814956, -0.0018858506
0.0055695315, 0.0048632558
0.0015710510, 0.0078742231
-0.0078498144, 0.0018972114
-0.0013198777, 0.0026929724
-0.0000673303, 0.0077783759
-0.0031242679, 0.0043816820
0.0004391140, 0.0048433977
0.0022081938, 0.0053453049
0.0027245397, 0.0004649178
0.0019825889, -0.0000787768
0.0000913998, -0.0018067975
-0.0013479137, -0.0083314244
0.0001795165, -0.0084694405
-0.0001487675, 0.0038035462
0.0011427680, 0.0033084763
0.0038875716, 0.0031670778
-0.0002420406, 0.0046315130
-0.0031170218, -0.0057734005
0.0020147946, -0.0018722140
-0.0004747969, -0.0007872096
-0.0021675126, -0.0047546333
0.0021031607, -0.0061811794
0.0008062300, -0.0001634730
-0.0016469366, 0.0019937321
-0.0000911804, -0.0006663898
-0.0021222219, -0.0040346545
-0.0047354386, 0.0017590176
-0.0032582198, 0.0052476351
-0.0016477441, -0.0003441236
-0.0005058771, 0.0014360763
0.0004573810, -0.0014171654
-0.0008611381, -0.0031869517
-0.0000531320, 0.0002162320
0.0008635419, -0.0033499717
0.0005229769, -0.0037931827
0.0016360083, 0.0014817166
0.0032676024, 0.0016026548
0.0019141926, 0.0007250722
-0.0000723075, 0.0040320553
0.0010062666, 0.0056169003
0.0000720310, 0.0031960884
-0.0033386028, 0.0013917782
-0.0032761268, -0.0006448068
-0.0004058028, -0.0017373241
-0.0004632912, -0.0025548082
-0.0000223986, -0.0044431594
0.0023327352, -0.0026056036
0.0027881307, -0.0004593946
0.0021808526, -0.0029338599
0.0014082963, -0.0043408585
-0.0001780178, -0.0007759441
-0.0012869276, 0.0014051280
-0.0007301831, 0.0000061550
-0.0005139659, 0.0002447217
-0.0011939660, -0.0003471272
-0.0002236295, -0.0007263881
0.0005858170, 0.0001417369
0.0001927987, -0.0012727341
0.0004116506, -0.0012821789
0.0005141373, 0.0007100487
-0.0000504784, 0.0007091818
