0.0000000000, 0.0000000000
0.0000000000, 0.0000000000
0.0000000000, 0.0000000000
0.0000000000, 0.0000000000
0.0000000000, 0.0000000000
0.0000000000, 0.0000000000
0.0000000000, 0.0000000000
0.0000000000, 0.0000000000
0.0000000000, 0.0000000000
0.0000001420, 0.0000001200
-0.0000000861, -0.0000003330
0.0000010562, 0.0000018052
-0.0000057436, -0.0000092376
-0.0000539800, -0.0000211305
-0.0001469381, -0.0000724212
-0.0004367590, -0.0003350044
-0.0005054679, -0.0003386256
-0.0011577268, -0.0012852816
-0.0019271921, -0.0010646790
-0.0018335446, -0.0012392873
-0.0022276453, -0.0017415088
-0.0020672659, -0.0019284773
-0.0032429460, -0.0011938152
-0.0034681450, -0.0030806489
-0.0026450262, -0.0022538137
-0.0039675046, -0.0026568457
-0.0040261971, -0.0028041696
-0.0031582325, -0.0009267196
-0.0041462241, -0.0060279759
-0.0026445506, -0.0008405516
-0.0052893280, -0.0047433484
-0.0025765490, 0.0088690538
-0.0057065152, 0.0925661409
-0.0022794916, 0.8695737051
-0.0067899529, 0.4445263912
0.0034238007, -0.2594720059
-0.0108253877, 0.6130956203
0.1371973903, -0.4676652050
0.4566257063, -0.8303855441
0.1454630824, -0.1363784603
0.0576274646, -0.7250494234
0.1370178461, -0.1485487468
-0.3148378977, 0.8833861120
-0.2253493237, 0.2881367157
-0.1426347584, -0.5314620576
-0.3034916394, 0.0505960515
-0.1299072096, 0.2179693383
0.1779676645, -0.3036680090
0.2216502965, -0.3337467890
-0.0756412449, -0.0409665849
-0.0348324105, 0.1155607749
0.0943580411, 0.0297357940
-0.1544124572, 0.0442503688
-0.1974789694, 0.0858100522
-0.0086804983, -0.0304749888
0.0533587752, 0.0794706151
0.0086421574, 0.1079620725
-0.0257660048, -0.2957282337
0.0499765685, -0.2533779903
0.0312498329, 0.0863588077
-0.0802806427, 0.0000525875
-0.0431926813, -0.1700903686
-0.0124416542, -0.0291568864
-0.0737088551, 0.1152074910
-0.0616343077, -0.0541412985
0.0217709794, 0.0354409040
-0.0004919823, 0.0587156215
-0.0391150508, -0.1722994740
0.0188695832, -0.0887124066
0.0263123426, 0.0945681157
-0.0356450958, -0.0062633789
-0.0536055508, -0.0833157062
-0.0176536105, 0.0588766643
-0.0161758600, 0.0705513019
-0.0495257198, -0.0153116191
-0.0326542538, -0.0073238835
0.0054692779, 0.0336606573
-0.0032332236, 0.0224773395
-0.0136832809, 0.0018385974
0.0118586078, 0.0275539786
0.0057881929, -0.0163037702
-0.0215923462, -0.0413356517
-0.0142842267, 0.0166285338
-0.0030695982, 0.0086422904
-0.0120733064, -0.0531191988
-0.0182497950, -0.0249248063
-0.0032071691, 0.0188691789
0.0119652131, 0.0074066840
0.0075081861, -0.0029554667
0.0019780373, 0.0067782653
0.0090329024, 0.0164176737
0.0092705615, -0.0039255177
-0.0023832596, 0.0063880950
-0.0019973499, 0.0151881302
-0.0045785766, -0.0125938479
-0.0072374896, -0.0099423325
-0.0035040260, 0.0035983229
-0.0004289155, 0.0028696546
0.0026671639, -0.0024348909
-0.0027109496, 0.0062329124
0.0010605102, 0.0125992072
0.0095525596, -0.0083629170
0.0039036181, -0.0169594473
-0.0017266444, 0.0005307538
0.0061277478, 0.0061582196
0.0011360169, -0.0009397165
-0.0045765337, 0.0034218912
0.0025064377, 0.0137206737
0.0000872409, 0.0115147490
-0.0026073685, 0.0104397424
-0.0018900897, 0.0144043310
-0.0015304630, 0.0032373225
-0.0016673495, 0.0018776671
0.0006169050, 0.0021907547
0.0041731771, -0.0088841677
-0.0006681192, -0.0177685617
-0.0033696278, -0.0104078686
-0.0044601275, 0.0127112991
0.0006563328, 0.0085386152
0.0041657602, -0.0033023069
-0.0004942113, 0.0060123925
0.0046572309, 0.0042746398
0.0126713392, -0.0103598163
0.0096291735, -0.0055524492
0.0057038780, -0.0057843392
0.0023755030, -0.0119318030
-0.0052180917, 0.0047376159
-0.0066906621, 0.0011869067
-0.0056624573, -0.0109492241
-0.0071401259, 0.0017989231
-0.0074501716, 0.0073783056
-0.0092833543, -0.0010275096
-0.0052455638, 0.0013135489
0.0006771059, -0.0004375857
0.0028746397, -0.0029728252
0.0033638736, 0.0013438835
0.0027396317, 0.0029349087
0.0064835728, 0.0019080662
0.0042125076, 0.0001178521
-0.0050945091, 0.0068064481
-0.0030979667, 0.0081865281
-0.0006900827, 0.0043731781
-0.0036417998, 0.0014971244
-0.0005080265, 0.0033596416
0.0020634657, 0.0060353064
-0.0009776335, 0.0032216820
-0.0000812097, 0.0031617072
0.0026440354, 0.0007102862
-0.0014060071, 0.0002563996
-0.0011478046, -0.0002650799
0.0017614077, -0.0054843417
0.0006280452, -0.0061959425
-0.0002463260, -0.0066264444
-0.0020668938, -0.0015870080
0.0011156454, 0.0031333973
0.0046691284, 0.0059816889
-0.0003831044, 0.0016906065
-0.0006336238, -0.0039124721
0.0017019497, 0.0048566707
-0.0008998156, 0.0014443996
-0.0004168621, -0.0073224787
-0.0040285215, -0.0032671998
-0.0065880348, -0.0013469372
-0.0049400968, -0.0015194625
-0.0038333037, -0.0012216504
-0.0036326435, -0.0020032333
-0.0010645932, -0.0015594948
0.0007653643, 0.0018740866
-0.0000074291, 0.0025851150
0.0011207039, 0.0029126370
-0.0005113385, 0.0022520030
-0.0012173042, -0.0016551260
0.0004952983, -0.0017045345
0.0009057203, -0.0052641650
0.0002397768, -0.0058687199
-0.0008077304, -0.0006549186
-0.0007943773, -0.0008582499
-0.0010944724, -0.0001210040
-0.0014695078, 0.0031617474
-0.0005103460, 0.0027540133
-0.0001165477, 0.0016820157
-0.0015703667, 0.0033054121
0.0010291799, 0.0023026541
0.0032432306, 0.0007444550
0.0012746177, -0.0000189754
0.0013291004, -0.0032567770
0.0012014084, -0.0024859292
-0.0014935614, -0.0002604695
-0.0020334897, -0.0030080528
-0.0005074643, -0.0044146972
-0.0019453512, -0.0008909186
-0.0018871464, 0.0009790703
0.0009632591, -0.0002577636
0.0007837467, 0.0006097597
0.0001826789, 0.0002891486
0.0010767256, -0.0004694753
0.0005250100, 0.0004201278
-0.0005124012, -0.0010724482
-0.0003198960, -0.0015252112
-0.0002283191, 0.0005101594
